3.600000000000000000e+01 -9.581561908817093354e-03
9.600000000000000000e+01 -1.068328700876008952e-02
1.560000000000000000e+02 1.207409896778699476e-03
1.560000000000000000e+02 -1.279259010243549710e-02
1.560000000000000000e+02 -5.792590102828398813e-03
1.560000000000000000e+02 2.920740989702608204e-02
1.560000000000000000e+02 -3.792590102420945186e-03
2.160000000000000000e+02 -6.909321235980314668e-03
2.160000000000000000e+02 -4.909321236482355744e-03
2.160000000000000000e+02 -3.490932123622769723e-02
2.160000000000000000e+02 -1.390932123649690766e-02
2.160000000000000000e+02 2.509067876417248044e-02
2.760000000000000000e+02 -5.603333027193002636e-02
2.760000000000000000e+02 -3.033330272046441678e-03
2.760000000000000000e+02 7.796666972808452556e-02
2.760000000000000000e+02 7.796666972808452556e-02
2.760000000000000000e+02 7.796666972808452556e-02
3.360000000000000000e+02 1.383553311188734369e-02
3.360000000000000000e+02 3.048355331120546907e-01
3.360000000000000000e+02 -3.331644668878652737e-01
3.360000000000000000e+02 -4.164466888141760137e-03
3.360000000000000000e+02 8.883553311170544475e-02
3.960000000000000000e+02 2.069741939067171188e-02
4.560000000000000000e+02 -5.444752079802128719e-02
5.160000000000000000e+02 1.340086332038481487e-02
5.760000000000000000e+02 8.242722649811184965e-03
6.360000000000000000e+02 -3.092179178474907530e-02
6.959999999999998863e+02 3.907471144884766545e-03
7.560000000000000000e+02 -6.526933733402984217e-02
8.160000000000000000e+02 -1.445206591506575933e-02
8.760000000000001137e+02 7.235943678097100928e-02
9.360000000000000000e+02 6.416532219736836851e-02
9.960000000000000000e+02 -5.403425817712559365e-02
1.056000000000000000e+03 6.176084718299534870e-02
1.116000000000000000e+03 -4.144921016631997190e-02
1.176000000000000000e+03 -7.266427866215963149e-02
1.236000000000000000e+03 -3.988420673158543650e-02
1.296000000000000000e+03 -1.410884281358448789e-02
1.356000000000000227e+03 -5.433803537016501650e-02
1.416000000000000000e+03 -1.157163288462470518e-02
1.476000000000000000e+03 6.119051610676251585e-02
1.536000000000000000e+03 -1.005143698057509027e-02
1.596000000000000000e+03 -3.329734080307389377e-02
1.656000000000000000e+03 4.445295591722242534e-02
1.716000000000000000e+03 -2.880039563842728967e-02
1.776000000000000000e+03 -3.305724438359902706e-02
1.835999999999999773e+03 -1.431743934881524183e-02
1.896000000000000000e+03 3.641917032382480102e-02
1.956000000000000000e+03 -5.384726464762934484e-02
2.015999999999999773e+03 -2.011659368963591987e-02
2.076000000000000000e+03 -2.338866637455794262e-02
2.136000000000000000e+03 3.533666754537989618e-02
2.196000000000000000e+03 -1.694044184387166752e-02
2.256000000000000000e+03 -5.221984465697460109e-02
2.316000000000000000e+03 5.149860879555490101e-02
2.376000000000000000e+03 -2.278493200083175907e-02
2.436000000000000000e+03 1.392968221352930414e-02
2.496000000000000000e+03 -3.935739953521988355e-02
2.556000000000000000e+03 -7.646028459021181334e-03
2.616000000000000000e+03 -9.936056024343997706e-03
2.676000000000000000e+03 -3.222733396614785306e-02
2.736000000000000000e+03 2.848028571315808222e-02
2.796000000000000000e+03 -3.081304928127792664e-02
2.856000000000000000e+03 -2.010719153622630984e-02
2.916000000000000000e+03 3.259800605428608833e-02
2.976000000000000455e+03 -4.697309724178921897e-03
3.036000000000000000e+03 -3.099299240602704231e-02
3.096000000000000000e+03 2.171110412564303260e-02
3.156000000000000000e+03 -4.858487435285496758e-02
3.216000000000000000e+03 5.119217573337664362e-03
3.275999999999999545e+03 1.382352494601946091e-02
3.336000000000000000e+03 1.252819243200065102e-02
3.396000000000000000e+03 -1.376663569226366235e-02
3.456000000000000000e+03 8.939184445807768498e-03
3.516000000000000000e+03 1.206457963144202949e-01
3.576000000000000000e+03 1.193533429568560678e-01
3.636000000000000455e+03 2.000619669897787389e-01
3.696000000000000000e+03 2.937718105840758653e-01
3.756000000000000000e+03 3.284830154652809142e-01
3.816000000000000000e+03 3.761957228944083909e-01
3.876000000000000000e+03 4.919100736688051256e-01
3.935999999999999545e+03 6.146262081010718248e-01
3.996000000000000455e+03 6.643442660179061932e-01
4.056000000000000000e+03 5.650643867393227993e-01
4.116000000000000000e+03 3.477867090850850218e-01
4.176000000000000000e+03 2.125113713527753134e-01
4.236000000000000000e+03 1.752385113122727489e-01
4.296000000000000000e+03 2.119682661959814141e-01
4.356000000000000000e+03 1.187007726939555141e-01
4.416000000000000000e+03 -4.456383306842326419e-02
4.476000000000000000e+03 -1.618254155264367000e-01
4.536000000000000000e+03 -2.230838396835679305e-01
4.596000000000000000e+03 -2.443389711415875354e-01
4.656000000000000000e+03 -2.645906760790239787e-01
4.716000000000000000e+03 -2.058388212881254731e-01
4.776000000000000000e+03 -1.320832741666890797e-01
4.836000000000000000e+03 -1.623239027294403058e-01
4.896000000000000000e+03 -1.175605756279765046e-01
4.956000000000000000e+03 -7.079316214367281646e-02
5.016000000000000000e+03 -2.302153220534819411e-02
5.076000000000000000e+03 -3.924555639969184995e-02
5.136000000000000000e+03 2.253489402755803894e-02
5.196000000000000000e+03 9.131994715335167712e-02
5.256000000000000000e+03 -1.489026961735362420e-02
5.316000000000000000e+03 5.904370425014349166e-03
5.376000000000000000e+03 -1.729600670387299033e-02
5.435999999999999091e+03 -7.849127569534175564e-02
5.495999999999999091e+03 -6.668131195237947395e-02
5.556000000000000909e+03 8.134008400702441577e-03
5.616000000000000000e+03 -6.404519149145926349e-02
5.676000000000000000e+03 -7.521878922125324607e-02
5.736000000000000000e+03 -6.538666312189889140e-02
5.796000000000000000e+03 -3.454869228971801931e-02
5.856000000000000000e+03 -6.470475657079077791e-02
5.916000000000000000e+03 -9.185473658726550639e-02
5.976000000000000000e+03 -7.699851373581623193e-02
6.036000000000000000e+03 -7.013597019522421760e-02
6.096000000000000000e+03 -8.726698893678985769e-02
6.155999999999999091e+03 -8.439145372994971694e-02
6.216000000000000909e+03 -6.950924915236100787e-02
6.276000000000000000e+03 -7.262026058924675453e-02
6.336000000000000000e+03 -5.672437425346288364e-02
6.396000000000000000e+03 -8.482147718132182490e-02
6.456000000000000000e+03 -1.119114572429680265e-01
6.516000000000000000e+03 -5.099420315218594624e-02
6.576000000000000000e+03 -5.606960446948505705e-02
6.636000000000000000e+03 -3.513755161111475900e-02
6.696000000000000000e+03 3.802064144110772759e-03
6.756000000000000000e+03 -2.250649349662126042e-03
6.815999999999999091e+03 -7.295585114661662374e-03
6.876000000000000909e+03 8.667362945743661840e-03
6.936000000000000909e+03 5.063830004110059235e-02
6.996000000000000000e+03 6.173304882395314053e-04
7.056000000000000000e+03 2.360455769667169079e-02
7.116000000000000000e+03 1.760008417659264524e-02
7.176000000000000000e+03 5.760401152383565204e-02
7.236000000000000000e+03 3.461644041090039536e-02
7.296000000000000000e+03 -1.936252940868143924e-02
7.356000000000000000e+03 -3.133279911526187789e-02
7.416000000000000000e+03 -4.529427082070469623e-02
7.475999999999999091e+03 -5.246847586931835394e-03
7.535999999999999091e+03 5.780956658054492436e-02
7.596000000000000909e+03 1.087506672593008261e-02
7.656000000000000000e+03 -2.505025306436436949e-02
7.716000000000000000e+03 -3.496629967867193045e-02
7.776000000000000000e+03 -5.587298096270387759e-02
7.836000000000000000e+03 -6.877020574120251695e-02
7.896000000000000000e+03 -2.265788381555466913e-02
7.956000000000000000e+03 2.446407402112527052e-02
8.016000000000000000e+03 4.595755994159844704e-03
8.076000000000000000e+03 -6.426275066951347981e-02
8.136000000000000000e+03 -6.511135973869386362e-02
8.196000000000000000e+03 -3.794998599187238142e-02
8.256000000000000000e+03 -1.877854520989785669e-02
8.316000000000000000e+03 -4.959695418801857159e-02
8.376000000000000000e+03 -6.140513074024056550e-02
8.436000000000000000e+03 -4.820299370385328075e-02
8.496000000000000000e+03 -3.399046293725405121e-02
8.556000000000000000e+03 -2.576745933220081497e-02
8.616000000000000000e+03 -2.153390481635142351e-02
8.676000000000000000e+03 -7.289722349014482461e-03
8.736000000000000000e+03 -4.703483593675628072e-02
8.796000000000000000e+03 -8.476917063399014296e-02
8.856000000000000000e+03 -4.649265253920020768e-02
8.916000000000000000e+03 -6.920520881158154225e-02
8.976000000000000000e+03 -6.490676765679381788e-02
9.036000000000000000e+03 -4.359725835001881933e-02
9.096000000000000000e+03 -3.727661122866265941e-02
9.156000000000000000e+03 -6.594475769270502497e-02
9.216000000000000000e+03 -5.060163021698826924e-02
9.276000000000000000e+03 -9.224716234984953189e-02
9.336000000000000000e+03 -7.088128871509979945e-02
9.396000000000000000e+03 -5.250394501581467921e-02
9.456000000000000000e+03 -7.011506803610245697e-02
9.516000000000000000e+03 -6.071459564827819122e-02
9.576000000000000000e+03 -5.430246681498829275e-02
9.636000000000000000e+03 -5.587862157699419186e-02
9.696000000000000000e+03 -6.444300108887546230e-02
9.756000000000000000e+03 -6.999554758112935815e-02
9.816000000000000000e+03 -7.053620439000951592e-02
9.876000000000000000e+03 -6.206491595730767585e-02
9.936000000000000000e+03 -5.158162781845021527e-02
9.996000000000000000e+03 -3.908628661883994937e-02
1.005600000000000000e+04 -2.257884010759880766e-02
1.011600000000000000e+04 -2.405923714286473114e-02
1.017600000000000000e+04 -2.852742769573524129e-02
1.023600000000000000e+04 -9.833628446358488873e-04
1.029600000000000000e+04 8.573005216021556407e-03
1.035600000000000000e+04 7.141723171116609592e-03
1.041600000000000000e+04 -7.277163398612174205e-03
1.047600000000000000e+04 -1.468361004572216189e-02
1.053600000000000000e+04 -1.007757343086268520e-02
1.059600000000000000e+04 -3.459011338236450683e-03
1.065600000000000000e+04 5.172117324036662467e-03
1.071600000000000000e+04 1.281585252399963792e-02
1.077600000000000000e+04 2.547223311103152810e-02
1.083600000000000000e+04 2.814129680336918682e-02
1.089600000000000000e+04 1.582308019987976877e-02
1.095600000000000000e+04 6.351761876794626005e-02
1.101600000000000000e+04 4.322494684856792446e-02
1.107600000000000000e+04 5.794509765928523848e-02
1.113599999999999818e+04 3.367810328654741170e-02
1.119599999999999818e+04 2.842399468954681652e-02
1.125599999999999818e+04 -8.171983026841189712e-04
1.131600000000000182e+04 -9.045446986419847235e-03
1.137600000000000182e+04 -4.260723792867793236e-03
1.143600000000000000e+04 4.536997727882408071e-03
1.149600000000000000e+04 -9.652257114794338122e-03
1.155600000000000000e+04 -1.882846413082006620e-02
1.161600000000000000e+04 -4.099160026362369535e-02
1.167600000000000000e+04 -4.314164358220295981e-02
1.173600000000000000e+04 -4.827857328564277850e-02
1.179600000000000000e+04 -5.040236969762190711e-02
1.185600000000000000e+04 -4.151301427191356197e-02
1.191600000000000000e+04 -2.461048958230094286e-02
1.197600000000000000e+04 -3.469477933231246425e-02
1.203600000000000000e+04 -1.676586835310445167e-02
1.209600000000000000e+04 5.176257409402751364e-03
1.215600000000000000e+04 1.131610881202504970e-03
1.221600000000000000e+04 5.100203863548813388e-03
1.227600000000000000e+04 5.108204704538366059e-02
1.233600000000000000e+04 6.807714999649761012e-02
1.239600000000000000e+04 7.608552115743805189e-02
1.245600000000000000e+04 9.110716786381090060e-02
1.251599999999999818e+04 7.314209633477730677e-02
1.257599999999999818e+04 6.019031167306820862e-02
1.263600000000000182e+04 4.625181787196197547e-02
1.269600000000000182e+04 4.132661781204660656e-02
1.275600000000000182e+04 5.541471326978353318e-02
1.281600000000000000e+04 8.651610491324390750e-02
1.287600000000000000e+04 7.363079230799485231e-02
1.293600000000000000e+04 4.975877391370886471e-02
1.299600000000000000e+04 3.490004709419736173e-02
1.305600000000000000e+04 3.805460811418015510e-02
1.311600000000000000e+04 4.222245214350550668e-02
1.317600000000000000e+04 3.040357325517106801e-02
1.323600000000000000e+04 -4.020355618195026182e-04
1.329600000000000000e+04 -1.194382413814309984e-03
1.335600000000000000e+04 -1.597347648657887476e-02
1.341600000000000000e+04 -1.573932805422373349e-02
1.347600000000000000e+04 -4.919484626952908002e-04
1.353600000000000000e+04 -4.231350146255863365e-03
1.359600000000000000e+04 -1.595754660229431465e-02
1.365600000000000000e+04 -1.667055241068737814e-02
1.371600000000000000e+04 -1.537038320839201333e-02
1.377600000000000000e+04 -1.005705570332793286e-02
1.383600000000000000e+04 -3.730587670361273922e-03
1.389599999999999818e+04 -1.439099792969500413e-02
1.395599999999999818e+04 -3.003830636680504540e-02
1.401600000000000182e+04 -2.467253391841950361e-02
1.407600000000000182e+04 -2.529370256706897635e-02
1.413600000000000182e+04 -3.390183533701929264e-02
1.419600000000000000e+04 -3.849695630287897075e-02
1.425600000000000000e+04 -4.707909056651260471e-02
1.431600000000000000e+04 -3.964826426636136603e-02
1.437600000000000000e+04 -4.120450457139668288e-02
1.443600000000000000e+04 -5.874783967647090321e-02
1.449600000000000000e+04 -7.927829880100034643e-02
1.455600000000000000e+04 -7.579591217199777020e-02
1.461600000000000000e+04 -5.630071103951195255e-02
1.467600000000000000e+04 -5.779272766085341573e-02
1.473600000000000000e+04 -5.227199529326753691e-02
1.479600000000000000e+04 -3.573854819842381403e-02
1.485600000000000000e+04 -1.719242163653689204e-02
1.491600000000000000e+04 -2.963365184859867441e-02
1.497600000000000000e+04 -4.506227607726032147e-02
1.503600000000000000e+04 -5.347833253472344950e-02
1.509600000000000000e+04 -5.288186041707376717e-02
1.515600000000000000e+04 -4.127289989173732465e-02
1.521599999999999818e+04 -2.065149209192895796e-02
1.527599999999999818e+04 -1.701767911981733050e-02
1.533599999999999818e+04 -1.037150402953557204e-02
1.539600000000000182e+04 7.286989173735491931e-03
1.545600000000000182e+04 3.395775552507984685e-02
1.551600000000000000e+04 2.864074913304648362e-02
1.557600000000000000e+04 2.333592315608257195e-02
1.563600000000000000e+04 5.704322982910525752e-02
1.569600000000000000e+04 7.176262045322800986e-02
1.575600000000000000e+04 8.449404541352123488e-02
1.581600000000000000e+04 9.123745417673490010e-02
1.587600000000000000e+04 1.049927952999496483e-01
1.593600000000000000e+04 1.027600164343311917e-01
1.599600000000000000e+04 8.953906433634983841e-02
1.605600000000000000e+04 8.432988486401882255e-02
1.611600000000000000e+04 7.513242299137345981e-02
1.617600000000000000e+04 8.194662280766351614e-02
1.623600000000000000e+04 7.377242752772872336e-02
1.629600000000000000e+04 4.260977949888911098e-02
1.635600000000000000e+04 1.545862020338972798e-02
1.641600000000000000e+04 -5.681109738361556083e-03
1.647600000000000000e+04 -4.280947055030992487e-02
1.653600000000000000e+04 -9.592652330684359185e-02
1.659600000000000000e+04 -1.230323299214433064e-01
1.665600000000000000e+04 -1.421269531365396688e-01
1.671600000000000000e+04 -1.522104565256086062e-01
1.677600000000000000e+04 -1.472829044796526432e-01
1.683600000000000000e+04 -1.433443622063350631e-01
1.689600000000000000e+04 -1.483948957156826509e-01
1.695600000000000000e+04 -1.274345718202312128e-01
1.701600000000000000e+04 -9.046345813021616777e-02
1.707600000000000000e+04 -6.748162303938443074e-02
1.713600000000000000e+04 -5.648913572167657549e-02
1.719600000000000000e+04 -1.848606612747971667e-02
1.725600000000000000e+04 2.452751502823957708e-02
1.731600000000000000e+04 4.355153626602259465e-02
1.737600000000000000e+04 7.658592536154174013e-02
1.743600000000000000e+04 1.056306093314560712e-01
1.749600000000000000e+04 1.006855144642031519e-01
1.755600000000000000e+04 9.075056630808830960e-02
1.761600000000000000e+04 8.982568969713611295e-02
1.767600000000000000e+04 9.891080873239843640e-02
1.773600000000000000e+04 9.500584681336476933e-02
1.779600000000000000e+04 9.711072663503728108e-02
1.785600000000000000e+04 9.522537019347510068e-02
1.791600000000000000e+04 6.734969879835261963e-02
1.797600000000000000e+04 6.948363307128602173e-02
1.803600000000000000e+04 7.262709296810498927e-02
1.809600000000000000e+04 4.477999777009245008e-02
1.815600000000000000e+04 3.894226610646001063e-02
1.821600000000000000e+04 3.911381594480189960e-02
1.827600000000000000e+04 1.229456461805966683e-02
1.833600000000000000e+04 8.484428815791034140e-03
1.839600000000000000e+04 2.668332459961675340e-02
1.845600000000000000e+04 1.789116741019824985e-02
1.851600000000000000e+04 2.110787207311659586e-02
1.857600000000000000e+04 5.133335280970641179e-02
1.863600000000000000e+04 6.356752324154513190e-02
1.869600000000000000e+04 5.781029640093038324e-02
1.875600000000000000e+04 5.606158473165123723e-02
1.881600000000000000e+04 6.132130011064873543e-02
1.887600000000000000e+04 6.158935384155483916e-02
1.893600000000000000e+04 3.886565667562535964e-02
1.899600000000000000e+04 4.315011880680685863e-02
1.905600000000000000e+04 7.144264988346549217e-02
1.911600000000000000e+04 8.774315902610396734e-02
1.917600000000000000e+04 1.060515548260809737e-01
1.923600000000000000e+04 1.193677453547934419e-01
1.929600000000000000e+04 1.116916381724877283e-01
1.935600000000000000e+04 1.150231403362340643e-01
1.941600000000000000e+04 1.073621584091597470e-01
1.947600000000000000e+04 7.970859847046085633e-02
1.953600000000000000e+04 3.506236611519852886e-02
1.959600000000000000e+04 1.423366475137299858e-03
1.965600000000000000e+04 1.791504216271277983e-03
1.971600000000000000e+04 6.166683553601615131e-03
1.977600000000000000e+04 5.488082560987095349e-04
1.983600000000000000e+04 -4.062218346916779410e-03
1.989600000000000000e+04 -2.466649334928661119e-02
1.995600000000000000e+04 -4.326411426518461667e-02
2.001600000000000000e+04 -6.085517902283754665e-02
2.007600000000000000e+04 -7.443978595347289229e-02
2.013600000000000000e+04 -8.701803378244221676e-02
2.019600000000000000e+04 -1.105900216198278940e-01
2.025600000000000000e+04 -1.261558489532035310e-01
2.031600000000000000e+04 -1.107156156440396444e-01
2.037600000000000000e+04 -9.526942190586851211e-02
2.043600000000000000e+04 -9.281736831235321006e-02
2.049600000000000000e+04 -8.635955577574350173e-02
2.055600000000000000e+04 -6.489608554693404585e-02
2.061600000000000000e+04 -3.042705919688160066e-02
2.067600000000000000e+04 -2.295257862169819418e-02
2.073600000000000000e+04 -3.547274602442485048e-02
2.079600000000000000e+04 -4.498766390406672144e-02
2.085600000000000000e+04 -5.949743505425431067e-02
2.091600000000000000e+04 -6.300216255476698279e-02
2.097600000000000000e+04 -6.850194975595513824e-02
2.103600000000000000e+04 -5.499690027863834985e-02
2.109600000000000000e+04 -3.748711799289594637e-02
2.115600000000000000e+04 -2.697270702265086584e-02
2.121599999999999636e+04 -2.245377173221640987e-02
2.127600000000000000e+04 -1.930416718096239492e-03
2.133599999999999636e+04 2.159725320962024853e-02
2.139600000000000000e+04 5.312913301895605400e-02
2.145599999999999636e+04 7.966511747054028092e-02
2.151600000000000000e+04 9.620510114200442331e-02
2.157600000000000364e+04 1.017489784117060481e-01
2.163600000000000000e+04 9.029664348327059997e-02
2.169600000000000364e+04 7.184799038896017009e-02
2.175600000000000000e+04 7.040291300290846266e-02
2.181600000000000000e+04 4.996130504514439963e-02
2.187600000000000000e+04 3.252306009471794823e-02
2.193600000000000000e+04 5.208807158851413988e-02
2.199600000000000000e+04 8.265623284660250647e-02
2.205600000000000000e+04 9.422743706818437204e-02
2.211600000000000000e+04 7.580157734082604293e-02
2.217600000000000000e+04 2.937854665469785687e-02
2.223600000000000000e+04 5.958237911727337632e-03
2.229600000000000000e+04 -1.045945607256726362e-02
2.235600000000000000e+04 1.125357447563146707e-03
2.241600000000000000e+04 3.471257114870240912e-02
2.247600000000000000e+04 3.630207765672821552e-02
2.253600000000000000e+04 1.489376954395993380e-02
2.259599999999999636e+04 3.487539350317092612e-03
2.265600000000000000e+04 -9.167204170807963237e-04
2.271599999999999636e+04 -1.631911727236001752e-02
2.277600000000000000e+04 -2.719758739658573177e-03
2.283600000000000364e+04 1.788124765153042972e-02
2.289600000000000000e+04 2.148379437403491465e-02
2.295600000000000364e+04 7.087773919010942336e-03
2.301600000000000000e+04 -2.930692119934974471e-02
2.307600000000000364e+04 -6.570039844154962339e-02
2.313600000000000000e+04 -7.609276522543950705e-02
2.319600000000000000e+04 -6.648412891627231147e-02
2.325600000000000000e+04 -5.887459682526241522e-02
2.331600000000000000e+04 -3.626427620383765316e-02
2.337600000000000000e+04 -2.765327421820984455e-02
2.343600000000000000e+04 -3.804169796148926252e-02
2.349600000000000000e+04 -4.542965442760760197e-02
2.355600000000000000e+04 -4.781725051452667685e-02
2.361600000000000000e+04 -5.820459301412483910e-02
2.367600000000000000e+04 -5.459178859564417507e-02
2.373600000000000000e+04 -2.097894380676734727e-02
2.379600000000000000e+04 1.563383494431036524e-02
2.385600000000000000e+04 2.424644138318399200e-02
2.391600000000000000e+04 5.858769397491414566e-03
2.397599999999999636e+04 -2.652928697716561146e-02
2.403600000000000000e+04 -3.391783352981292410e-02
2.409599999999999636e+04 1.669302412665274460e-02
2.415600000000000000e+04 5.430318056005489780e-02
2.421600000000000364e+04 1.991253053620312130e-02
2.427600000000000000e+04 -3.747903098155802581e-02
2.433600000000000364e+04 -7.587160881757881725e-02
2.439600000000000000e+04 -6.026530757935688598e-02
2.445600000000000364e+04 -2.566023165127262473e-02
2.451600000000000000e+04 -8.056485174165572971e-03
2.457600000000000000e+04 -1.945417205479316181e-02
2.463600000000000000e+04 -3.585339594792458229e-02
2.469600000000000000e+04 -9.254260243324097246e-03
2.475600000000000000e+04 1.834313192921399605e-02
2.481600000000000000e+04 1.093867772124212934e-02
2.487600000000000000e+04 -5.467725434755266178e-03
2.493600000000000000e+04 -1.487617981365474407e-02
2.499600000000000000e+04 -2.328678739468159620e-02
2.505600000000000000e+04 -2.969964984367834404e-02
2.511600000000000000e+04 -2.611486851674271747e-02
2.517600000000000000e+04 -9.532544439025514293e-03
2.523599999999999636e+04 -3.952778311031579506e-03
2.529600000000000000e+04 -2.337567049198696623e-02
2.535599999999999636e+04 -3.280132099280308466e-02
2.541600000000000000e+04 -1.322982946840056684e-02
2.547599999999999636e+04 -6.661295213234552648e-03
2.553600000000000000e+04 -3.009581715377862565e-02
2.559600000000000364e+04 -1.553349382993474137e-02
2.565600000000000000e+04 2.902557659581361804e-02
2.571600000000000364e+04 4.058129636086960090e-02
2.577600000000000000e+04 2.913356810040568234e-02
2.583600000000000364e+04 7.682294857659144327e-03
2.589600000000000000e+04 4.227380092743260320e-03
2.595600000000000000e+04 3.276872769401961705e-02
2.601600000000000000e+04 4.330624197609722614e-02
2.607600000000000000e+04 2.183982769474823726e-02
2.613600000000000000e+04 3.136939004798477981e-02
2.619600000000000000e+04 5.689483469450351549e-02
2.625600000000000000e+04 2.541606774593674345e-02
2.631600000000000000e+04 7.932995788905827794e-03
2.637600000000000000e+04 2.644552588299120544e-02
2.643600000000000000e+04 1.795356556613114662e-02
2.649600000000000000e+04 1.345702287380845519e-02
2.655600000000000000e+04 -2.044193669462401886e-03
2.661599999999999636e+04 -1.855017503021372249e-02
2.667600000000000000e+04 -1.506101166705775540e-02
2.673599999999999636e+04 -1.557679351844853954e-02
2.679600000000000000e+04 -1.509760999761056155e-02
2.685599999999999636e+04 -1.062354998794035055e-02
2.691600000000000000e+04 -3.315470183315483155e-02
2.697600000000000364e+04 -3.369115333316585748e-02
2.703600000000000000e+04 -1.323299173327541212e-02
2.709600000000000364e+04 -3.178030372146167792e-02
2.715600000000000000e+04 -4.333317542113945819e-02
2.721600000000000000e+04 -2.489169237742316909e-02
2.727600000000000000e+04 -3.245593956489756238e-02
2.733600000000000000e+04 -4.502600136675027898e-02
2.739600000000000000e+04 -2.260196157749305712e-02
2.745600000000000000e+04 -9.183903395751258358e-03
2.751600000000000000e+04 -1.177190940870787017e-02
2.757600000000000000e+04 1.663393840590288164e-02
2.763600000000000000e+04 2.603355868177459342e-02
2.769600000000000000e+04 4.426870682436856441e-03
2.775600000000000000e+04 1.581379429626394995e-02
2.781600000000000000e+04 3.819425005349330604e-02
2.787600000000000000e+04 3.456815912431920879e-02
2.793600000000000000e+04 2.793544332143937936e-02
2.799599999999999636e+04 1.729602511568373302e-02
2.805600000000000000e+04 1.264982764314481756e-02
2.811599999999999636e+04 3.499677469699236099e-02
2.817600000000000000e+04 2.433679074783867691e-02
2.823599999999999636e+04 1.166980093967140419e-02
2.829600000000000000e+04 2.299573110485653160e-02
2.835600000000000364e+04 1.431450775908160722e-02
2.841600000000000000e+04 -4.373941883386578411e-03
2.847600000000000364e+04 -6.069689908144937363e-03
2.853600000000000000e+04 2.622719230112124933e-02
2.859600000000000000e+04 1.951663407453452237e-02
2.865600000000000000e+04 -2.120143454249046044e-02
2.871600000000000000e+04 1.407291722080117324e-02
2.877600000000000000e+04 3.033962085828534327e-02
2.883600000000000000e+04 5.598608599029830657e-03
2.889600000000000000e+04 2.984981340523518156e-02
2.895600000000000000e+04 3.409316898705583299e-02
2.901600000000000000e+04 4.328609801632410381e-03
2.907600000000000000e+04 -9.443928945984225720e-03
2.913600000000000000e+04 -1.722451128716784297e-02
2.919600000000000000e+04 -1.001320049363130238e-02
2.925600000000000000e+04 -1.281005906912469072e-02
2.931600000000000000e+04 -2.261514874680869980e-02
2.937599999999999636e+04 -1.642853047815151513e-02
2.943600000000000000e+04 -2.225026443738897797e-02
2.949599999999999636e+04 -1.608041001236415468e-02
2.955600000000000000e+04 -8.919025795876223128e-03
2.961600000000000364e+04 -1.676616959139209939e-02
2.967600000000000000e+04 -1.462189839821803616e-02
2.973600000000000364e+04 -1.486268414737423882e-03
2.979600000000000000e+04 1.164066497221938334e-02
2.985600000000000364e+04 2.475884718387533212e-02
2.991600000000000000e+04 3.986822446586302249e-02
2.997600000000000000e+04 4.996874387325078715e-02
3.003600000000000000e+04 2.306035329820588231e-02
3.009600000000000000e+04 1.614300145229208283e-02
3.015600000000000000e+04 1.721663788612204371e-02
3.021600000000000000e+04 7.281212984707963187e-03
3.027600000000000000e+04 2.336677971470635384e-03
3.033600000000000000e+04 -6.617015082156285644e-03
3.039600000000000000e+04 -3.579913258363376372e-03
3.045600000000000000e+04 -1.955206279035337502e-02
3.051600000000000000e+04 -3.953350904885155614e-02
3.057600000000000000e+04 -2.652429655518062646e-02
3.063600000000000000e+04 -1.752446896443871083e-02
3.069600000000000000e+04 1.465930937229131814e-03
3.075599999999999636e+04 3.144686122686835006e-02
3.081600000000000000e+04 2.141828085586894304e-02
3.087599999999999636e+04 1.938014964980538934e-02
3.093600000000000000e+04 2.933242831386451144e-02
3.099600000000000364e+04 1.127507843011699151e-02
3.105600000000000000e+04 1.520806247390282806e-02
3.111600000000000364e+04 3.413134379843540955e-02
3.117600000000000000e+04 2.104488665099779610e-02
3.123600000000000364e+04 -3.051343827792152297e-03
3.129600000000000000e+04 -2.915738160390901612e-02
3.135600000000000000e+04 -4.327325974372797646e-02
3.141600000000000000e+04 -5.739901041306438856e-02
3.147600000000000000e+04 -6.353466487416881137e-02
3.153600000000000000e+04 -4.768025348766968818e-02
3.159600000000000000e+04 -4.783580570074263960e-02
3.165600000000000000e+04 -4.600135005239280872e-02
3.171600000000000000e+04 -4.117691416649904568e-02
3.177600000000000000e+04 -6.236252475991932442e-02
3.183600000000000000e+04 -4.155820762480288977e-02
3.189600000000000000e+04 -2.176398763549514115e-02
3.195600000000000000e+04 -2.097988874720613239e-02
3.201600000000000000e+04 -2.059339940387872048e-04
3.207600000000000000e+04 -4.442145481334591750e-03
3.213599999999999636e+04 1.431145560673030559e-02
3.219600000000000000e+04 3.205484902264288394e-02
3.225599999999999636e+04 2.878801543829467846e-02
3.231600000000000000e+04 3.651093646476510912e-02
3.237600000000000364e+04 1.922359464697365183e-02
3.243600000000000000e+04 4.292597345283866161e-02
3.249600000000000364e+04 5.461805730192281771e-02
3.255600000000000000e+04 3.629983153768989723e-02
3.261600000000000364e+04 6.097128244800842367e-02
3.267600000000000000e+04 3.163239725927269319e-02
3.273600000000000000e+04 -4.716835863291635178e-03
3.279600000000000000e+04 -4.076427805557614192e-03
3.285600000000000000e+04 -1.844638852253410732e-02
3.291600000000000000e+04 -2.082672701908450108e-02
3.297600000000000000e+04 -2.721745135113451397e-02
3.303600000000000000e+04 -2.861856864365108777e-02
3.309600000000000000e+04 -3.030085059435805306e-03
3.315600000000000000e+04 -6.452005825849482790e-03
3.321600000000000000e+04 1.711566477933956776e-02
3.327600000000000000e+04 5.867292342918517534e-02
3.333600000000000000e+04 2.521976773732603760e-02
3.339600000000000000e+04 9.756196275702677667e-03
3.345600000000000000e+04 2.528220855310792103e-02
3.351600000000000000e+04 1.279780503591609886e-02
3.357600000000000000e+04 3.430298713647061959e-02
3.363600000000000000e+04 4.379775721918122144e-02
3.369600000000000000e+04 4.728211858946451684e-02
3.375600000000000000e+04 3.875607550799031742e-02
3.381600000000000000e+04 2.121963318586495006e-02
3.387600000000000000e+04 4.672797774219361600e-03
3.393600000000000000e+04 -4.884423618022992741e-03
3.399600000000000000e+04 6.547977062837162521e-03
3.405600000000000000e+04 -2.502999118587467819e-02
3.411600000000000000e+04 -2.661831841578532476e-02
3.417600000000000000e+04 -2.216993729234673083e-03
3.423600000000000000e+04 -1.782600528804323403e-02
3.429600000000000000e+04 -7.445340306730940938e-03
3.435600000000000000e+04 -1.607498505381954601e-02
3.441600000000000000e+04 -3.671492485318594845e-02
3.447600000000000000e+04 -1.336514409103983780e-02
3.453600000000000000e+04 -1.602562620428216178e-02
3.459600000000000000e+04 -4.069635369432944572e-02
3.465600000000000000e+04 -4.037730811887740856e-02
3.471600000000000000e+04 -1.906847009831835749e-02
3.477600000000000000e+04 -1.576981931884802179e-02
3.483600000000000000e+04 -3.348133452163892798e-02
3.489600000000000000e+04 -4.120299352143774740e-02
3.495600000000000000e+04 -3.993477319181693019e-02
3.501600000000000000e+04 -4.567664948262972757e-02
3.507600000000000000e+04 -5.642859740328276530e-02
3.513600000000000000e+04 -4.019059104393818416e-02
3.519600000000000000e+04 -2.896260356010316173e-02
3.525600000000000000e+04 -4.174460718058981001e-02
3.531600000000000000e+04 -4.453657322028448107e-02
3.537600000000000000e+04 -2.533847206268546870e-02
3.543600000000000000e+04 1.984972683021624107e-02
3.549600000000000000e+04 3.302805490602622740e-02
3.555600000000000000e+04 2.519654453408293193e-02
3.561600000000000000e+04 3.135522900083742570e-02
3.567600000000000000e+04 2.550414249526511412e-02
3.573600000000000000e+04 1.664332012478553224e-02
3.579600000000000000e+04 2.477279790309694363e-02
3.585600000000000000e+04 3.789261273959709797e-02
3.591600000000000000e+04 4.100280245438625570e-02
3.597600000000000000e+04 4.010340577042370569e-02
3.603600000000000000e+04 5.119446230037283385e-02
3.609600000000000000e+04 3.927601255600166041e-02
3.615600000000000000e+04 2.434809793976455694e-02
3.621600000000000000e+04 1.241076074347802205e-02
3.627600000000000000e+04 1.646404414805147098e-02
3.633600000000000000e+04 2.850799221323541133e-02
3.639600000000000000e+04 3.054264988350041676e-02
3.645600000000000000e+04 1.656806297978619114e-02
3.651600000000000000e+04 2.584278197900857776e-03
3.657600000000000000e+04 5.591343103333201725e-03
3.663600000000000000e+04 8.589306132307683583e-03
3.669600000000000000e+04 1.257821658509783447e-02
3.675600000000000000e+04 -1.444187537526886445e-02
3.681600000000000000e+04 -3.247091873072349699e-02
3.687600000000000000e+04 -1.250886160414665937e-02
3.693600000000000000e+04 -6.555651268172368873e-03
3.699600000000000000e+04 -8.611234149611846078e-03
3.705600000000000000e+04 1.324444174315431155e-03
3.711600000000000000e+04 6.251438956496713217e-03
3.717600000000000000e+04 3.169806303958466742e-03
3.723600000000000000e+04 1.107960313584044343e-02
3.729600000000000000e+04 1.598088721766544040e-02
3.735600000000000000e+04 3.873717132591991685e-03
3.741600000000000000e+04 2.075815228727151407e-02
3.747600000000000000e+04 5.863425290499435505e-02
3.753600000000000000e+04 4.650208001839928329e-02
3.759600000000000000e+04 3.936169547978352057e-02
3.765600000000000000e+04 3.621316193675738759e-02
3.771600000000000000e+04 4.005654284173942870e-02
3.777600000000000000e+04 4.089190243939810898e-02
3.783600000000000000e+04 2.071930577585590072e-02
3.789600000000000000e+04 5.388186727941501886e-04
3.795600000000000000e+04 -3.064949225336022209e-02
3.801600000000000000e+04 -2.784555961443402339e-02
3.807600000000000000e+04 -3.904931525084975874e-02
3.813600000000000000e+04 -5.626069022491719807e-02
3.819600000000000000e+04 -7.147961483860854059e-02
3.825600000000000000e+04 -7.570601863426418277e-02
3.831600000000000000e+04 -3.893983040052262368e-02
3.837600000000000000e+04 -2.218097817149100592e-02
3.843600000000000000e+04 -1.642938924123882316e-02
3.849600000000000000e+04 -1.568499015320412582e-02
3.855600000000000000e+04 -3.947706730286881793e-03
3.861600000000000000e+04 2.378253594906709623e-02
3.867600000000000000e+04 1.650581352078006603e-02
3.873600000000000000e+04 -1.677779764850129141e-02
3.879600000000000000e+04 -1.506822048577305395e-02
3.885600000000000000e+04 -3.653772018878953531e-04
3.891600000000000000e+04 -8.669189312968228478e-03
3.897600000000000000e+04 -4.979577623089426197e-03
3.903600000000000000e+04 2.703537748857343104e-03
3.909600000000000000e+04 8.380237373785348609e-03
3.915600000000000000e+04 2.805060250739188632e-02
3.921600000000000000e+04 3.271471507559908787e-02
3.927600000000000000e+04 1.337265768779616337e-02
3.933600000000000000e+04 2.102451360860868590e-02
3.939600000000000000e+04 1.967036676705902210e-02
3.945600000000000000e+04 5.310301748977508396e-03
3.951600000000000000e+04 6.944403782654262614e-03
3.957600000000000000e+04 6.572758747097395826e-03
3.963600000000000000e+04 7.195453146778163500e-03
3.969600000000000000e+04 1.281257413120329147e-02
3.975600000000000000e+04 -7.575790535156556871e-03
3.981600000000000000e+04 -8.969552462986030150e-03
3.987600000000000000e+04 1.863137734380870825e-02
3.993600000000000000e+04 2.722708849341870518e-02
3.999600000000000000e+04 3.881767119401047239e-02
4.005600000000000000e+04 4.440321624861098826e-02
4.011600000000000000e+04 3.398381504393910291e-02
4.017600000000000000e+04 3.055955955369427102e-02
4.023600000000000000e+04 1.713054232732247328e-02
4.029600000000000000e+04 2.569685647904407233e-02
4.035600000000000000e+04 3.325859569304157048e-02
4.041600000000000000e+04 2.081585420546616660e-02
4.047600000000000000e+04 4.368726799839350861e-03
4.053600000000000000e+04 -1.308269118908356177e-02
4.059600000000000000e+04 -2.553830389297218062e-02
4.065600000000000000e+04 -4.899801491956168320e-02
4.071600000000000000e+04 -5.946172734093124745e-02
4.077600000000000000e+04 -3.892934372106537921e-02
4.083600000000000000e+04 -1.540076610763208009e-02
4.089600000000000000e+04 -1.287589604908134788e-02
4.095600000000000000e+04 -1.135463459741004044e-02
4.101600000000000000e+04 1.163117694886750542e-03
4.107600000000000000e+04 -5.322539254848379642e-03
4.113600000000000000e+04 -2.281150504495599307e-02
4.119600000000000000e+04 -2.930367880253470503e-02
4.125600000000000000e+04 -1.079895919792761561e-02
4.131600000000000000e+04 2.702755555219482630e-03
4.137600000000000000e+04 -4.798432301868160721e-03
4.143600000000000000e+04 -2.930242009279027116e-02
4.149600000000000000e+04 -5.280910470628441544e-02
4.155600000000000000e+04 -5.531838260321819689e-02
4.161600000000000000e+04 -4.083014982006716309e-02
4.167600000000000000e+04 -3.234430198335758178e-02
4.173600000000000000e+04 -4.986073431336990325e-02
4.179600000000000000e+04 -5.637934163678437471e-02
4.185600000000000000e+04 -3.890001838135503931e-02
4.191600000000000000e+04 -2.642265859412873397e-02
4.197600000000000000e+04 -1.294715594031004002e-02
4.203600000000000000e+04 -2.247340372559847310e-02
4.209600000000000000e+04 -2.800129488605307415e-02
4.215600000000000000e+04 -2.953072200216411147e-02
4.221600000000000000e+04 -2.406157731638813857e-02
4.227600000000000000e+04 -1.259375272002216661e-02
4.233600000000000000e+04 -3.312713977720704861e-02
4.239600000000000000e+04 -3.266162972795427777e-02
4.245600000000000000e+04 -3.219711349447607063e-02
4.251600000000000000e+04 -1.973348168485244969e-02
4.257600000000000000e+04 1.729375387185427826e-03
4.263599999999999272e+04 3.191567710928211454e-03
4.269600000000000000e+04 -1.434679444446373964e-02
4.275600000000000000e+04 -1.288560052398679545e-02
4.281600000000000000e+04 -4.247397055223700590e-04
4.287599999999999272e+04 2.403589909863512730e-02
4.293600000000000000e+04 4.349642723173019476e-02
4.299600000000000000e+04 3.495695628953399137e-02
4.305600000000000000e+04 2.241759810658550123e-02
4.311599999999999272e+04 1.087846474547404796e-02
4.317600000000000000e+04 -1.766033149397117086e-02
