#YY  MM DD hh mm ss T   HEIGHT
#yr  mo dy hr mn  s -        m
2011 03 11 00 00 00 1 5662.666
2011 03 11 00 15 00 1 5662.622
2011 03 11 00 30 00 1 5662.579
2011 03 11 00 45 00 1 5662.537
2011 03 11 01 00 00 1 5662.497
2011 03 11 01 15 00 1 5662.455
2011 03 11 01 30 00 1 5662.417
2011 03 11 01 45 00 1 5662.378
2011 03 11 02 00 00 1 5662.345
2011 03 11 02 15 00 1 5662.317
2011 03 11 02 30 00 1 5662.286
2011 03 11 02 45 00 1 5662.261
2011 03 11 03 00 00 1 5662.241
2011 03 11 03 15 00 1 5662.223
2011 03 11 03 30 00 1 5662.208
2011 03 11 03 45 00 1 5662.199
2011 03 11 04 00 00 1 5662.195
2011 03 11 04 00 00 2 5662.195
2011 03 11 04 01 00 2 5662.194
2011 03 11 04 02 00 2 5662.196
2011 03 11 04 03 00 2 5662.196
2011 03 11 04 04 00 2 5662.196
2011 03 11 04 05 00 2 5662.196
2011 03 11 04 06 00 2 5662.196
2011 03 11 04 07 00 2 5662.195
2011 03 11 04 08 00 2 5662.196
2011 03 11 04 09 00 2 5662.197
2011 03 11 04 10 00 2 5662.197
2011 03 11 04 11 00 2 5662.198
2011 03 11 04 12 00 2 5662.198
2011 03 11 04 13 00 2 5662.198
2011 03 11 04 14 00 2 5662.197
2011 03 11 04 15 00 1 5662.197
2011 03 11 04 15 00 2 5662.197
2011 03 11 04 16 00 2 5662.197
2011 03 11 04 17 00 2 5662.197
2011 03 11 04 18 00 2 5662.197
2011 03 11 04 19 00 2 5662.197
2011 03 11 04 20 00 2 5662.198
2011 03 11 04 21 00 2 5662.198
2011 03 11 04 22 00 2 5662.199
2011 03 11 04 23 00 2 5662.200
2011 03 11 04 24 00 2 5662.199
2011 03 11 04 25 00 2 5662.200
2011 03 11 04 26 00 2 5662.201
2011 03 11 04 27 00 2 5662.201
2011 03 11 04 28 00 2 5662.202
2011 03 11 04 29 00 2 5662.202
2011 03 11 04 30 00 1 5662.202
2011 03 11 04 30 00 2 5662.202
2011 03 11 04 31 00 2 5662.203
2011 03 11 04 32 00 2 5662.205
2011 03 11 04 33 00 2 5662.204
2011 03 11 04 34 00 2 5662.205
2011 03 11 04 35 00 2 5662.206
2011 03 11 04 36 00 2 5662.206
2011 03 11 04 37 00 2 5662.207
2011 03 11 04 38 00 2 5662.208
2011 03 11 04 39 00 2 5662.208
2011 03 11 04 40 00 2 5662.210
2011 03 11 04 41 00 2 5662.210
2011 03 11 04 42 00 2 5662.212
2011 03 11 04 43 00 2 5662.213
2011 03 11 04 44 00 2 5662.213
2011 03 11 04 45 00 1 5662.214
2011 03 11 04 45 00 2 5662.215
2011 03 11 04 46 00 2 5662.216
2011 03 11 04 47 00 2 5662.217
2011 03 11 04 48 00 2 5662.218
2011 03 11 04 49 00 2 5662.220
2011 03 11 04 50 00 2 5662.221
2011 03 11 04 51 00 2 5662.221
2011 03 11 04 52 00 2 5662.223
2011 03 11 04 53 00 2 5662.223
2011 03 11 04 54 00 2 5662.224
2011 03 11 04 55 00 2 5662.226
2011 03 11 04 56 00 2 5662.228
2011 03 11 04 57 00 2 5662.230
2011 03 11 04 58 00 2 5662.230
2011 03 11 04 59 00 2 5662.232
2011 03 11 05 00 00 1 5662.233
2011 03 11 05 00 00 2 5662.233
2011 03 11 05 01 00 2 5662.233
2011 03 11 05 02 00 2 5662.236
2011 03 11 05 03 00 2 5662.237
2011 03 11 05 04 00 2 5662.238
2011 03 11 05 05 00 2 5662.240
2011 03 11 05 06 00 2 5662.242
2011 03 11 05 07 00 2 5662.242
2011 03 11 05 08 00 2 5662.244
2011 03 11 05 09 00 2 5662.245
2011 03 11 05 10 00 2 5662.248
2011 03 11 05 11 00 2 5662.248
2011 03 11 05 12 00 2 5662.250
2011 03 11 05 13 00 2 5662.251
2011 03 11 05 14 00 2 5662.253
2011 03 11 05 15 00 1 9999.000
2011 03 11 05 15 00 2 5662.255
2011 03 11 05 16 00 2 5662.256
2011 03 11 05 17 00 2 5662.257
2011 03 11 05 18 00 2 5662.259
2011 03 11 05 19 00 2 5662.261
2011 03 11 05 20 00 2 5662.262
2011 03 11 05 21 00 2 5662.264
2011 03 11 05 22 00 2 5662.265
2011 03 11 05 23 00 2 5662.267
2011 03 11 05 24 00 2 5662.268
2011 03 11 05 25 00 2 5662.270
2011 03 11 05 26 00 2 5662.271
2011 03 11 05 27 00 2 5662.273
2011 03 11 05 28 00 2 5662.275
2011 03 11 05 29 00 2 5662.276
2011 03 11 05 30 00 1 9999.000
2011 03 11 05 30 00 2 5662.279
2011 03 11 05 31 00 2 5662.280
2011 03 11 05 32 00 2 5662.281
2011 03 11 05 33 00 2 5662.283
2011 03 11 05 34 00 2 5662.284
2011 03 11 05 35 00 2 5662.286
2011 03 11 05 36 00 2 5662.287
2011 03 11 05 37 00 2 5662.289
2011 03 11 05 38 00 2 5662.290
2011 03 11 05 39 00 2 5662.292
2011 03 11 05 40 00 2 5662.294
2011 03 11 05 41 00 2 5662.296
2011 03 11 05 42 00 2 5662.298
2011 03 11 05 43 00 2 5662.300
2011 03 11 05 44 00 2 5662.302
2011 03 11 05 45 00 1 9999.000
2011 03 11 05 45 00 2 5662.303
2011 03 11 05 46 00 2 5662.305
2011 03 11 05 47 00 2 5662.307
2011 03 11 05 48 00 2 5662.317
2011 03 11 05 48 15 3 5662.293
2011 03 11 05 48 30 3 5662.319
2011 03 11 05 48 45 3 5662.347
2011 03 11 05 49 00 2 5662.463
2011 03 11 05 49 00 3 5662.366
2011 03 11 05 49 15 3 5662.361
2011 03 11 05 49 30 3 5661.980
2011 03 11 05 49 45 3 5663.145
2011 03 11 05 50 00 2 5662.015
2011 03 11 05 50 00 3 5661.362
2011 03 11 05 50 15 3 5662.700
2011 03 11 05 50 30 3 5661.613
2011 03 11 05 50 45 3 5662.387
2011 03 11 05 51 00 2 5662.525
2011 03 11 05 51 00 3 5662.411
2011 03 11 05 51 15 3 5662.436
2011 03 11 05 51 30 3 5662.393
2011 03 11 05 51 45 3 5662.503
2011 03 11 05 52 00 2 5662.317
2011 03 11 05 52 00 3 5662.039
2011 03 11 05 53 00 2 5662.141
2011 03 11 05 54 00 2 5662.168
2011 03 11 05 55 00 2 5662.022
2011 03 11 05 56 00 2 5662.806
2011 03 11 05 57 00 2 5662.329
2011 03 11 05 58 00 2 5662.425
2011 03 11 05 59 00 2 5662.259
2011 03 11 06 00 00 1 9999.000
2011 03 11 06 00 00 2 5662.356
2011 03 11 06 01 00 2 5662.337
2011 03 11 06 02 00 2 5662.360
2011 03 11 06 03 00 2 5662.319
2011 03 11 06 04 00 2 5662.390
2011 03 11 06 05 00 2 5662.344
2011 03 11 06 06 00 2 5662.348
2011 03 11 06 07 00 2 5662.364
2011 03 11 06 08 00 2 5662.348
2011 03 11 06 09 00 2 5662.354
2011 03 11 06 10 00 2 5662.360
2011 03 11 06 11 00 2 5662.345
2011 03 11 06 12 00 2 5662.379
2011 03 11 06 13 00 2 5662.465
2011 03 11 06 14 00 2 5662.366
2011 03 11 06 15 00 1 9999.000
2011 03 11 06 15 00 2 5662.593
2011 03 11 06 16 00 2 5662.738
2011 03 11 06 17 00 2 5663.410
2011 03 11 06 18 00 2 5663.939
2011 03 11 06 19 00 2 5664.236
2011 03 11 06 20 00 2 5663.672
2011 03 11 06 21 00 2 5662.468
2011 03 11 06 22 00 2 5662.082
2011 03 11 06 23 00 2 5662.772
2011 03 11 06 24 00 2 5663.257
2011 03 11 06 25 00 2 5662.250
2011 03 11 06 26 00 2 5661.445
2011 03 11 06 27 00 2 5662.066
2011 03 11 06 28 00 2 5662.326
2011 03 11 06 29 00 2 5661.784
2011 03 11 06 30 00 1 9999.000
2011 03 11 06 30 00 2 5662.005
2011 03 11 06 31 00 2 5662.229
2011 03 11 06 32 00 2 5661.727
2011 03 11 06 33 00 2 5662.376
2011 03 11 06 34 00 2 5662.289
2011 03 11 06 35 00 2 5662.013
2011 03 11 06 36 00 2 5662.418
2011 03 11 06 37 00 2 5662.218
2011 03 11 06 38 00 2 5662.247
2011 03 11 06 39 00 2 5662.260
2011 03 11 06 40 00 2 5662.156
2011 03 11 06 41 00 2 5662.387
2011 03 11 06 42 00 2 5662.125
2011 03 11 06 43 00 2 5662.368
2011 03 11 06 44 00 2 5662.271
2011 03 11 06 45 00 1 9999.000
2011 03 11 06 45 00 2 5662.310
2011 03 11 06 46 00 2 5662.347
2011 03 11 06 47 00 2 5662.345
2011 03 11 06 48 00 2 5662.402
2011 03 11 06 49 00 2 5662.397
2011 03 11 06 50 00 2 5662.395
2011 03 11 06 51 00 2 5662.380
2011 03 11 06 52 00 2 5662.375
2011 03 11 06 53 00 2 5662.351
2011 03 11 06 54 00 2 5662.407
2011 03 11 06 55 00 2 5662.501
2011 03 11 06 56 00 2 5662.538
2011 03 11 06 57 00 2 5662.453
2011 03 11 06 58 00 2 5662.395
2011 03 11 06 59 00 2 5662.488
2011 03 11 07 00 00 1 9999.000
2011 03 11 07 00 00 2 5662.439
2011 03 11 07 01 00 2 5662.431
2011 03 11 07 02 00 2 5662.498
2011 03 11 07 03 00 2 5662.483
2011 03 11 07 04 00 2 5662.437
2011 03 11 07 05 00 2 5662.512
2011 03 11 07 06 00 2 5662.511
2011 03 11 07 07 00 2 5662.463
2011 03 11 07 08 00 2 5662.548
2011 03 11 07 09 00 2 5662.551
2011 03 11 07 10 00 2 5662.573
2011 03 11 07 11 00 2 5662.538
2011 03 11 07 12 00 2 5662.553
2011 03 11 07 13 00 2 5662.534
2011 03 11 07 14 00 2 5662.511
2011 03 11 07 15 00 1 9999.000
2011 03 11 07 15 00 2 5662.498
2011 03 11 07 16 00 2 5662.512
2011 03 11 07 17 00 2 5662.475
2011 03 11 07 18 00 2 5662.473
2011 03 11 07 19 00 2 5662.436
2011 03 11 07 20 00 2 5662.402
2011 03 11 07 21 00 2 5662.431
2011 03 11 07 22 00 2 5662.463
2011 03 11 07 23 00 2 5662.478
2011 03 11 07 24 00 2 5662.510
2011 03 11 07 25 00 2 5662.468
2011 03 11 07 26 00 2 5662.462
2011 03 11 07 27 00 2 5662.495
2011 03 11 07 28 00 2 5662.486
2011 03 11 07 29 00 2 5662.483
2011 03 11 07 30 00 1 9999.000
2011 03 11 07 30 00 2 5662.509
2011 03 11 07 31 00 2 5662.479
2011 03 11 07 32 00 2 5662.423
2011 03 11 07 33 00 2 5661.341
2011 03 11 07 34 00 2 5662.416
2011 03 11 07 35 00 2 5662.482
2011 03 11 07 36 00 2 5662.578
2011 03 11 07 37 00 2 5662.545
2011 03 11 07 38 00 2 5662.532
2011 03 11 07 39 00 2 5662.474
2011 03 11 07 40 00 2 5662.467
2011 03 11 07 41 00 2 5662.526
2011 03 11 07 42 00 2 5662.530
2011 03 11 07 43 00 2 5662.578
2011 03 11 07 44 00 2 5662.596
2011 03 11 07 45 00 1 9999.000
2011 03 11 07 45 00 2 5662.607
2011 03 11 07 46 00 2 5662.617
2011 03 11 07 47 00 2 5662.632
2011 03 11 07 48 00 2 5662.642
2011 03 11 07 49 00 2 5662.433
2011 03 11 07 50 00 2 5662.592
2011 03 11 07 51 00 2 5662.604
2011 03 11 07 52 00 2 5662.549
2011 03 11 07 53 00 2 5662.516
2011 03 11 07 54 00 2 5662.497
2011 03 11 07 55 00 2 5662.498
2011 03 11 07 56 00 2 5662.468
2011 03 11 07 57 00 2 5662.451
2011 03 11 07 58 00 2 5662.465
2011 03 11 07 59 00 2 5662.446
2011 03 11 08 00 00 1 9999.000
2011 03 11 08 00 00 2 5662.454
2011 03 11 08 01 00 2 5662.438
2011 03 11 08 02 00 2 5662.495
2011 03 11 08 03 00 2 5662.489
2011 03 11 08 04 00 2 5661.491
2011 03 11 08 05 00 2 5662.454
2011 03 11 08 06 00 2 5662.455
2011 03 11 08 07 00 2 5662.443
2011 03 11 08 08 00 2 5662.458
2011 03 11 08 09 00 2 5662.456
2011 03 11 08 10 00 2 5662.461
2011 03 11 08 11 00 2 5662.468
2011 03 11 08 12 00 2 5662.473
2011 03 11 08 13 00 2 5662.481
2011 03 11 08 14 00 2 5662.493
2011 03 11 08 15 00 1 9999.000
2011 03 11 08 15 00 2 5662.497
2011 03 11 08 16 00 2 5662.506
2011 03 11 08 17 00 2 5662.520
2011 03 11 08 18 00 2 5662.556
2011 03 11 08 19 00 2 5662.580
2011 03 11 08 20 00 2 5662.585
2011 03 11 08 21 00 2 5662.645
2011 03 11 08 22 00 2 5662.666
2011 03 11 08 23 00 2 5662.694
2011 03 11 08 24 00 2 5662.704
2011 03 11 08 25 00 2 5662.717
2011 03 11 08 26 00 2 5662.733
2011 03 11 08 27 00 2 5662.723
2011 03 11 08 28 00 2 5662.728
2011 03 11 08 29 00 2 5662.742
2011 03 11 08 30 00 1 9999.000
2011 03 11 08 30 00 2 5662.745
2011 03 11 08 31 00 2 5662.750
2011 03 11 08 32 00 2 5662.716
2011 03 11 08 33 00 2 5662.721
2011 03 11 08 34 00 2 5662.706
2011 03 11 08 35 00 2 5662.689
2011 03 11 08 36 00 2 5662.702
2011 03 11 08 37 00 2 5662.267
2011 03 11 08 38 00 2 5662.687
2011 03 11 08 39 00 2 5662.654
2011 03 11 08 40 00 2 5662.624
2011 03 11 08 41 00 2 5662.594
2011 03 11 08 42 00 2 5662.593
2011 03 11 08 43 00 2 5662.573
2011 03 11 08 44 00 2 5662.593
2011 03 11 08 45 00 1 9999.000
2011 03 11 08 45 00 2 5662.571
2011 03 11 08 46 00 2 5662.576
2011 03 11 08 47 00 2 5662.594
2011 03 11 08 48 00 2 5662.615
2011 03 11 08 49 00 2 5662.616
2011 03 11 08 50 00 2 5662.623
2011 03 11 08 51 00 2 5662.647
2011 03 11 08 52 00 2 5662.663
2011 03 11 08 53 00 2 5662.651
2011 03 11 08 54 00 2 5662.651
2011 03 11 08 55 00 2 5662.665
2011 03 11 08 56 00 2 5662.672
2011 03 11 08 57 00 2 5662.678
2011 03 11 08 58 00 2 5662.669
2011 03 11 08 59 00 2 5662.633
2011 03 11 09 00 00 1 9999.000
2011 03 11 09 00 00 2 5662.616
2011 03 11 09 01 00 2 5661.311
2011 03 11 09 02 00 2 5662.601
2011 03 11 09 03 00 2 5662.613
2011 03 11 09 04 00 2 5662.593
2011 03 11 09 05 00 2 5662.629
2011 03 11 09 06 00 2 5662.625
2011 03 11 09 07 00 2 5662.485
2011 03 11 09 08 00 2 5662.638
2011 03 11 09 09 00 2 5662.655
2011 03 11 09 10 00 2 5662.681
2011 03 11 09 11 00 2 5662.708
2011 03 11 09 12 00 2 5662.693
2011 03 11 09 13 00 2 5662.678
2011 03 11 09 14 00 2 5662.695
2011 03 11 09 15 00 1 9999.000
2011 03 11 09 15 00 2 5662.735
2011 03 11 09 16 00 2 5662.781
2011 03 11 09 17 00 2 5662.777
2011 03 11 09 18 00 2 5662.775
2011 03 11 09 19 00 2 5662.782
2011 03 11 09 20 00 2 5662.766
2011 03 11 09 21 00 2 5662.736
2011 03 11 09 22 00 2 5662.713
2011 03 11 09 23 00 2 5662.699
2011 03 11 09 24 00 2 5662.696
2011 03 11 09 25 00 2 5662.698
2011 03 11 09 26 00 2 5662.701
2011 03 11 09 27 00 2 5662.681
2011 03 11 09 28 00 2 5662.688
2011 03 11 09 29 00 2 5662.679
2011 03 11 09 30 00 1 9999.000
2011 03 11 09 30 00 2 5662.658
2011 03 11 09 31 00 2 5662.653
2011 03 11 09 32 00 2 5662.662
2011 03 11 09 33 00 2 5662.651
2011 03 11 09 34 00 2 5662.657
2011 03 11 09 35 00 2 5662.673
2011 03 11 09 36 00 2 5662.672
2011 03 11 09 37 00 2 5662.666
2011 03 11 09 38 00 2 5662.667
2011 03 11 09 39 00 2 5662.678
2011 03 11 09 40 00 2 5662.671
2011 03 11 09 41 00 2 5662.649
2011 03 11 09 42 00 2 5662.626
2011 03 11 09 43 00 2 5662.632
2011 03 11 09 44 00 2 5662.642
2011 03 11 09 45 00 1 9999.000
2011 03 11 09 45 00 2 5662.646
2011 03 11 09 46 00 2 5662.649
2011 03 11 09 47 00 2 5662.654
2011 03 11 09 48 00 2 5662.675
2011 03 11 09 49 00 2 5662.691
2011 03 11 09 50 00 2 5662.708
2011 03 11 09 51 00 2 5662.709
2011 03 11 09 52 00 2 5662.707
2011 03 11 09 53 00 2 5662.707
2011 03 11 09 54 00 2 5662.723
2011 03 11 09 55 00 2 5662.731
2011 03 11 09 56 00 2 5662.744
2011 03 11 09 57 00 2 5662.771
2011 03 11 09 58 00 2 5662.800
2011 03 11 09 59 00 2 5662.828
2011 03 11 10 00 00 1 9999.000
2011 03 11 10 00 00 2 5662.855
2011 03 11 10 01 00 2 5662.835
2011 03 11 10 02 00 2 5662.862
2011 03 11 10 03 00 2 5662.838
2011 03 11 10 04 00 2 5662.827
2011 03 11 10 05 00 2 5662.824
2011 03 11 10 06 00 2 5662.833
2011 03 11 10 07 00 2 5662.757
2011 03 11 10 08 00 2 5662.790
2011 03 11 10 09 00 2 5662.767
2011 03 11 10 10 00 2 5662.758
2011 03 11 10 11 00 2 5662.742
2011 03 11 10 12 00 2 5662.760
2011 03 11 10 13 00 2 5662.775
2011 03 11 10 14 00 2 5662.751
2011 03 11 10 15 00 1 9999.000
2011 03 11 10 15 00 2 5662.740
2011 03 11 10 16 00 2 5662.760
2011 03 11 10 17 00 2 5662.772
2011 03 11 10 18 00 2 5662.758
2011 03 11 10 19 00 2 5662.757
2011 03 11 10 20 00 2 5662.742
2011 03 11 10 21 00 2 5662.745
2011 03 11 10 22 00 2 5662.743
2011 03 11 10 23 00 2 5662.732
2011 03 11 10 24 00 2 5662.736
2011 03 11 10 25 00 2 5662.738
2011 03 11 10 26 00 2 5662.727
2011 03 11 10 27 00 2 5662.726
2011 03 11 10 28 00 2 5662.751
2011 03 11 10 29 00 2 5662.769
2011 03 11 10 30 00 1 9999.000
2011 03 11 10 30 00 2 5662.775
2011 03 11 10 31 00 2 5662.779
2011 03 11 10 32 00 2 5662.766
2011 03 11 10 33 00 2 5662.775
2011 03 11 10 34 00 2 5662.804
2011 03 11 10 35 00 2 5662.825
2011 03 11 10 36 00 2 5662.833
2011 03 11 10 37 00 2 5662.834
2011 03 11 10 38 00 2 5662.847
2011 03 11 10 39 00 2 5662.857
2011 03 11 10 40 00 2 5662.856
2011 03 11 10 41 00 2 5662.856
2011 03 11 10 42 00 2 5662.864
2011 03 11 10 43 00 2 5662.854
2011 03 11 10 44 00 2 5662.854
2011 03 11 10 45 00 1 9999.000
2011 03 11 10 45 00 2 5662.847
2011 03 11 10 46 00 2 5662.838
2011 03 11 10 47 00 2 5662.838
2011 03 11 10 48 00 2 5662.829
2011 03 11 10 49 00 2 5662.814
2011 03 11 10 50 00 2 5662.782
2011 03 11 10 51 00 2 5662.735
2011 03 11 10 52 00 2 5662.687
2011 03 11 10 53 00 2 5662.645
2011 03 11 10 54 00 2 5662.604
2011 03 11 10 55 00 2 5662.588
2011 03 11 10 56 00 2 5662.578
2011 03 11 10 57 00 2 5662.563
2011 03 11 10 58 00 2 5662.566
2011 03 11 10 59 00 2 5662.593
2011 03 11 11 00 00 1 9999.000
2011 03 11 11 00 00 2 5662.613
2011 03 11 11 01 00 2 5662.067
2011 03 11 11 02 00 2 5662.646
2011 03 11 11 03 00 2 5662.670
2011 03 11 11 04 00 2 5662.641
2011 03 11 11 05 00 2 5662.681
2011 03 11 11 06 00 2 5662.704
2011 03 11 11 07 00 2 5662.657
2011 03 11 11 08 00 2 5662.732
2011 03 11 11 09 00 2 5662.749
2011 03 11 11 10 00 2 5662.773
2011 03 11 11 11 00 2 5662.785
2011 03 11 11 12 00 2 5662.776
2011 03 11 11 13 00 2 5662.780
2011 03 11 11 14 00 2 5662.807
2011 03 11 11 15 00 1 9999.000
2011 03 11 11 15 00 2 5662.825
2011 03 11 11 16 00 2 5662.837
2011 03 11 11 17 00 2 5662.854
2011 03 11 11 18 00 2 5662.880
2011 03 11 11 19 00 2 5662.890
2011 03 11 11 20 00 2 5662.869
2011 03 11 11 21 00 2 5662.826
2011 03 11 11 22 00 2 5662.797
2011 03 11 11 23 00 2 5662.779
2011 03 11 11 24 00 2 5662.780
2011 03 11 11 25 00 2 5662.788
2011 03 11 11 26 00 2 5662.790
2011 03 11 11 27 00 2 5662.755
2011 03 11 11 28 00 2 5662.735
2011 03 11 11 29 00 2 5662.733
2011 03 11 11 30 00 1 9999.000
2011 03 11 11 30 00 2 5662.727
2011 03 11 11 31 00 2 5662.724
2011 03 11 11 32 00 2 5662.708
2011 03 11 11 33 00 2 5662.691
2011 03 11 11 34 00 2 5662.689
2011 03 11 11 35 00 2 5662.696
2011 03 11 11 36 00 2 5662.704
2011 03 11 11 37 00 2 5662.703
2011 03 11 11 38 00 2 5662.720
2011 03 11 11 39 00 2 5662.729
2011 03 11 11 40 00 2 5662.742
2011 03 11 11 41 00 2 5662.750
2011 03 11 11 42 00 2 5662.730
2011 03 11 11 43 00 2 5662.716
2011 03 11 11 44 00 2 5662.718
2011 03 11 11 45 00 1 9999.000
2011 03 11 11 45 00 2 5662.750
2011 03 11 11 46 00 2 5662.774
2011 03 11 11 47 00 2 5662.735
2011 03 11 11 48 00 2 5662.675
2011 03 11 11 49 00 2 5662.654
2011 03 11 11 50 00 2 5662.660
2011 03 11 11 51 00 2 5662.690
2011 03 11 11 52 00 2 5662.705
2011 03 11 11 53 00 2 5662.679
2011 03 11 11 54 00 2 5662.642
2011 03 11 11 55 00 2 5662.646
2011 03 11 11 56 00 2 5662.682
2011 03 11 11 57 00 2 5662.707
2011 03 11 11 58 00 2 5662.704
2011 03 11 11 59 00 2 5662.710
2011 03 11 12 00 00 1 9999.000
2011 03 11 12 00 00 2 5662.716
2011 03 11 12 01 00 2 5662.670
2011 03 11 12 02 00 2 5662.690
2011 03 11 12 03 00 2 5662.687
2011 03 11 12 04 00 2 5662.699
2011 03 11 12 05 00 2 5662.702
2011 03 11 12 06 00 2 5662.702
2011 03 11 12 07 00 2 5662.140
2011 03 11 12 08 00 2 5662.758
2011 03 11 12 09 00 2 5662.776
2011 03 11 12 10 00 2 5662.763
2011 03 11 12 11 00 2 5662.740
2011 03 11 12 12 00 2 5662.708
2011 03 11 12 13 00 2 5662.694
2011 03 11 12 14 00 2 5662.693
2011 03 11 12 15 00 1 9999.000
2011 03 11 12 15 00 2 5662.692
2011 03 11 12 16 00 2 5662.690
2011 03 11 12 17 00 2 5662.715
2011 03 11 12 18 00 2 5662.743
2011 03 11 12 19 00 2 5662.750
2011 03 11 12 20 00 2 5662.726
2011 03 11 12 21 00 2 5662.713
2011 03 11 12 22 00 2 5662.732
2011 03 11 12 23 00 2 5662.736
2011 03 11 12 24 00 2 5662.717
2011 03 11 12 25 00 2 5662.711
2011 03 11 12 26 00 2 5662.732
2011 03 11 12 27 00 2 5662.730
2011 03 11 12 28 00 2 5662.723
2011 03 11 12 29 00 2 5662.725
2011 03 11 12 30 00 1 9999.000
2011 03 11 12 30 00 2 5662.707
2011 03 11 12 31 00 2 5662.683
2011 03 11 12 32 00 2 5662.672
2011 03 11 12 33 00 2 5662.697
2011 03 11 12 34 00 2 5662.709
2011 03 11 12 35 00 2 5662.709
2011 03 11 12 36 00 2 5662.704
2011 03 11 12 37 00 2 5662.689
2011 03 11 12 38 00 2 5662.691
2011 03 11 12 39 00 2 5662.713
2011 03 11 12 40 00 2 5662.705
2011 03 11 12 41 00 2 5662.667
2011 03 11 12 42 00 2 5662.637
2011 03 11 12 43 00 2 5662.650
2011 03 11 12 44 00 2 5662.645
2011 03 11 12 45 00 1 9999.000
2011 03 11 12 45 00 2 5662.623
2011 03 11 12 46 00 2 5662.642
2011 03 11 12 47 00 2 5662.673
2011 03 11 12 48 00 2 5662.681
2011 03 11 12 49 00 2 5662.679
2011 03 11 12 50 00 2 5662.651
2011 03 11 12 51 00 2 5662.631
2011 03 11 12 52 00 2 5662.664
2011 03 11 12 53 00 2 5662.691
2011 03 11 12 54 00 2 5662.660
2011 03 11 12 55 00 2 5662.655
2011 03 11 12 56 00 2 5662.678
2011 03 11 12 57 00 2 5662.669
2011 03 11 12 58 00 2 5662.672
2011 03 11 12 59 00 2 5662.682
2011 03 11 13 00 00 1 9999.000
2011 03 11 13 00 00 2 5662.650
2011 03 11 13 01 00 2 5662.622
2011 03 11 13 02 00 2 5662.631
2011 03 11 13 03 00 2 5662.645
2011 03 11 13 04 00 2 5662.600
2011 03 11 13 05 00 2 5662.686
2011 03 11 13 06 00 2 5662.661
2011 03 11 13 07 00 2 5662.675
2011 03 11 13 08 00 2 5662.727
2011 03 11 13 09 00 2 5662.702
2011 03 11 13 10 00 2 5662.665
2011 03 11 13 11 00 2 5662.677
2011 03 11 13 12 00 2 5662.705
2011 03 11 13 13 00 2 5662.703
2011 03 11 13 14 00 2 5662.670
2011 03 11 13 15 00 1 9999.000
2011 03 11 13 15 00 2 5662.651
2011 03 11 13 16 00 2 5662.662
2011 03 11 13 17 00 2 5662.672
2011 03 11 13 18 00 2 5662.675
2011 03 11 13 19 00 2 5662.690
2011 03 11 13 20 00 2 5662.690
2011 03 11 13 21 00 2 5662.680
2011 03 11 13 22 00 2 5662.684
2011 03 11 13 23 00 2 5662.673
2011 03 11 13 24 00 2 5662.668
2011 03 11 13 25 00 2 5662.686
2011 03 11 13 26 00 2 5662.684
2011 03 11 13 27 00 2 5662.665
2011 03 11 13 28 00 2 5662.658
2011 03 11 13 29 00 2 5662.656
2011 03 11 13 30 00 1 9999.000
2011 03 11 13 30 00 2 5662.657
2011 03 11 13 31 00 2 5662.660
2011 03 11 13 32 00 2 5662.658
2011 03 11 13 33 00 2 5662.657
2011 03 11 13 34 00 2 5662.665
2011 03 11 13 35 00 2 5662.676
2011 03 11 13 36 00 2 5662.685
2011 03 11 13 37 00 2 5662.710
2011 03 11 13 38 00 2 5662.726
2011 03 11 13 39 00 2 5662.714
2011 03 11 13 40 00 2 5662.694
2011 03 11 13 41 00 2 5662.670
2011 03 11 13 42 00 2 5662.661
2011 03 11 13 43 00 2 5662.651
2011 03 11 13 44 00 2 5662.626
2011 03 11 13 45 00 1 9999.000
2011 03 11 13 45 00 2 5662.620
2011 03 11 13 46 00 2 5662.630
2011 03 11 13 47 00 2 5662.622
2011 03 11 13 48 00 2 5662.603
2011 03 11 13 49 00 2 5662.613
2011 03 11 13 50 00 2 5662.615
2011 03 11 13 51 00 2 5662.619
2011 03 11 13 52 00 2 5662.613
2011 03 11 13 53 00 2 5662.614
2011 03 11 13 54 00 2 5662.608
2011 03 11 13 55 00 2 5662.597
2011 03 11 13 56 00 2 5662.602
2011 03 11 13 57 00 2 5662.599
2011 03 11 13 58 00 2 5662.586
2011 03 11 13 59 00 2 5662.568
2011 03 11 14 00 00 1 9999.000
2011 03 11 14 00 00 2 5662.556
2011 03 11 14 01 00 2 5662.521
2011 03 11 14 02 00 2 5662.573
2011 03 11 14 03 00 2 5662.600
2011 03 11 14 04 00 2 5662.576
2011 03 11 14 05 00 2 5662.622
2011 03 11 14 06 00 2 5662.638
2011 03 11 14 07 00 2 5661.684
2011 03 11 14 08 00 2 5662.625
2011 03 11 14 09 00 2 5662.650
2011 03 11 14 10 00 2 5662.645
2011 03 11 14 11 00 2 5662.646
2011 03 11 14 12 00 2 5662.700
2011 03 11 14 13 00 2 5662.695
2011 03 11 14 14 00 2 5662.661
2011 03 11 14 15 00 1 9999.000
2011 03 11 14 15 00 2 5662.686
2011 03 11 14 16 00 2 5662.682
2011 03 11 14 17 00 2 5662.647
2011 03 11 14 18 00 2 5662.651
2011 03 11 14 19 00 2 5662.664
2011 03 11 14 20 00 2 5662.653
2011 03 11 14 21 00 2 5662.644
2011 03 11 14 22 00 2 5662.662
2011 03 11 14 23 00 2 5662.657
2011 03 11 14 24 00 2 5662.614
2011 03 11 14 25 00 2 5662.597
2011 03 11 14 26 00 2 5662.592
2011 03 11 14 27 00 2 5662.598
2011 03 11 14 28 00 2 5662.618
2011 03 11 14 29 00 2 5662.627
2011 03 11 14 30 00 1 9999.000
2011 03 11 14 30 00 2 5662.632
2011 03 11 14 31 00 2 5662.667
2011 03 11 14 32 00 2 5662.689
2011 03 11 14 33 00 2 5662.683
2011 03 11 14 34 00 2 5662.691
2011 03 11 14 35 00 2 5662.686
2011 03 11 14 36 00 2 5662.671
2011 03 11 14 37 00 2 5662.675
2011 03 11 14 38 00 2 5662.655
2011 03 11 14 39 00 2 5662.629
2011 03 11 14 40 00 2 5662.616
2011 03 11 14 41 00 2 5662.603
2011 03 11 14 42 00 2 5662.615
2011 03 11 14 43 00 2 5662.630
2011 03 11 14 44 00 2 5662.654
2011 03 11 14 45 00 1 9999.000
2011 03 11 14 45 00 2 5662.673
2011 03 11 14 46 00 2 5662.667
2011 03 11 14 47 00 2 5662.663
2011 03 11 14 48 00 2 5662.637
2011 03 11 14 49 00 2 5662.591
2011 03 11 14 50 00 2 5662.581
2011 03 11 14 51 00 2 5662.566
2011 03 11 14 52 00 2 5662.542
2011 03 11 14 53 00 2 5662.540
2011 03 11 14 54 00 2 5662.531
2011 03 11 14 55 00 2 5662.552
2011 03 11 14 56 00 2 5662.583
2011 03 11 14 57 00 2 5662.552
2011 03 11 14 58 00 2 5662.543
2011 03 11 14 59 00 2 5662.583
2011 03 11 15 00 00 1 9999.000
2011 03 11 15 00 00 2 5662.599
2011 03 11 15 01 00 2 5662.558
2011 03 11 15 02 00 2 5662.583
2011 03 11 15 03 00 2 5662.598
2011 03 11 15 04 00 2 5662.598
2011 03 11 15 05 00 2 5662.571
2011 03 11 15 06 00 2 5662.575
2011 03 11 15 07 00 2 5661.540
2011 03 11 15 08 00 2 5662.600
2011 03 11 15 09 00 2 5662.642
2011 03 11 15 10 00 2 5662.661
2011 03 11 15 11 00 2 5662.648
2011 03 11 15 12 00 2 5662.636
2011 03 11 15 13 00 2 5662.607
2011 03 11 15 14 00 2 5662.591
2011 03 11 15 15 00 1 9999.000
2011 03 11 15 15 00 2 5662.612
2011 03 11 15 16 00 2 5662.639
2011 03 11 15 17 00 2 5662.641
2011 03 11 15 18 00 2 5662.648
2011 03 11 15 19 00 2 5662.667
2011 03 11 15 20 00 2 5662.667
2011 03 11 15 21 00 2 5662.670
2011 03 11 15 22 00 2 5662.684
2011 03 11 15 23 00 2 5662.708
2011 03 11 15 24 00 2 5662.717
2011 03 11 15 25 00 2 5662.715
2011 03 11 15 26 00 2 5662.717
2011 03 11 15 27 00 2 5662.703
2011 03 11 15 28 00 2 5662.713
2011 03 11 15 29 00 2 5662.700
2011 03 11 15 30 00 1 9999.000
2011 03 11 15 30 00 2 5662.690
2011 03 11 15 31 00 2 5662.708
2011 03 11 15 32 00 2 5662.690
2011 03 11 15 33 00 2 5662.656
2011 03 11 15 34 00 2 5662.653
2011 03 11 15 35 00 2 5662.655
2011 03 11 15 36 00 2 5662.643
2011 03 11 15 37 00 2 5662.626
2011 03 11 15 38 00 2 5662.621
2011 03 11 15 39 00 2 5662.617
2011 03 11 15 40 00 2 5662.629
2011 03 11 15 41 00 2 5662.643
2011 03 11 15 42 00 2 5662.664
2011 03 11 15 43 00 2 5662.674
2011 03 11 15 44 00 2 5662.646
2011 03 11 15 45 00 1 9999.000
2011 03 11 15 45 00 2 5662.638
2011 03 11 15 46 00 2 5662.636
2011 03 11 15 47 00 2 5662.617
2011 03 11 15 48 00 2 5662.621
2011 03 11 15 49 00 2 5662.631
2011 03 11 15 50 00 2 5662.632
2011 03 11 15 51 00 2 5662.618
2011 03 11 15 52 00 2 5662.598
2011 03 11 15 53 00 2 5662.616
2011 03 11 15 54 00 2 5662.631
2011 03 11 15 55 00 2 5662.647
2011 03 11 15 56 00 2 5662.662
2011 03 11 15 57 00 2 5662.631
2011 03 11 15 58 00 2 5662.607
2011 03 11 15 59 00 2 5662.634
2011 03 11 16 00 00 1 9999.000
2011 03 11 16 00 00 2 5662.645
2011 03 11 16 01 00 2 5662.627
2011 03 11 16 02 00 2 5662.625
2011 03 11 16 03 00 2 5662.646
2011 03 11 16 04 00 2 5662.664
2011 03 11 16 05 00 2 5662.672
2011 03 11 16 06 00 2 5662.678
2011 03 11 16 07 00 2 5662.668
2011 03 11 16 08 00 2 5662.670
2011 03 11 16 09 00 2 5662.665
2011 03 11 16 10 00 2 5662.653
2011 03 11 16 11 00 2 5662.664
2011 03 11 16 12 00 2 5662.651
2011 03 11 16 13 00 2 5662.641
2011 03 11 16 14 00 2 5662.642
2011 03 11 16 15 00 1 9999.000
2011 03 11 16 15 00 2 5662.651
2011 03 11 16 16 00 2 5662.670
2011 03 11 16 17 00 2 5662.699
2011 03 11 16 18 00 2 5662.713
2011 03 11 16 19 00 2 5662.726
2011 03 11 16 20 00 2 5662.739
2011 03 11 16 21 00 2 5662.740
2011 03 11 16 22 00 2 5662.755
2011 03 11 16 23 00 2 5662.763
2011 03 11 16 24 00 2 5662.752
2011 03 11 16 25 00 2 5662.773
2011 03 11 16 26 00 2 5662.804
2011 03 11 16 27 00 2 5662.813
2011 03 11 16 28 00 2 5662.787
2011 03 11 16 29 00 2 5662.755
2011 03 11 16 30 00 1 9999.000
2011 03 11 16 30 00 2 5662.751
2011 03 11 16 31 00 2 5662.743
2011 03 11 16 32 00 2 5662.712
2011 03 11 16 33 00 2 5662.691
2011 03 11 16 34 00 2 5662.688
2011 03 11 16 35 00 2 5662.682
2011 03 11 16 36 00 2 5662.703
2011 03 11 16 37 00 2 5662.704
2011 03 11 16 38 00 2 5662.665
2011 03 11 16 39 00 2 5662.653
2011 03 11 16 40 00 2 5662.661
2011 03 11 16 41 00 2 5662.664
2011 03 11 16 42 00 2 5662.661
2011 03 11 16 43 00 2 5662.669
2011 03 11 16 44 00 2 5662.647
2011 03 11 16 45 00 1 9999.000
2011 03 11 16 45 00 2 5662.621
2011 03 11 16 46 00 2 5662.643
2011 03 11 16 47 00 2 5662.660
2011 03 11 16 48 00 2 5662.666
2011 03 11 16 49 00 2 5662.652
2011 03 11 16 50 00 2 5662.660
2011 03 11 16 51 00 2 5662.681
2011 03 11 16 52 00 2 5662.689
2011 03 11 16 53 00 2 5662.711
2011 03 11 16 54 00 2 5662.728
2011 03 11 16 55 00 2 5662.716
2011 03 11 16 56 00 2 5662.721
2011 03 11 16 57 00 2 5662.758
2011 03 11 16 58 00 2 5662.748
2011 03 11 16 59 00 2 5662.738
2011 03 11 17 00 00 1 9999.000
2011 03 11 17 00 00 2 5662.752
2011 03 11 17 01 00 2 5662.761
2011 03 11 17 02 00 2 5662.754
2011 03 11 17 03 00 2 5662.732
2011 03 11 17 04 00 2 5662.713
2011 03 11 17 05 00 2 5662.691
2011 03 11 17 06 00 2 5662.699
2011 03 11 17 07 00 2 5662.669
2011 03 11 17 08 00 2 5662.715
2011 03 11 17 09 00 2 5662.714
2011 03 11 17 10 00 2 5662.690
2011 03 11 17 11 00 2 5662.682
2011 03 11 17 12 00 2 5662.670
2011 03 11 17 13 00 2 5662.665
2011 03 11 17 14 00 2 5662.672
2011 03 11 17 15 00 1 9999.000
2011 03 11 17 15 00 2 5662.691
2011 03 11 17 16 00 2 5662.698
2011 03 11 17 17 00 2 5662.679
2011 03 11 17 18 00 2 5662.677
2011 03 11 17 19 00 2 5662.700
2011 03 11 17 20 00 2 5662.723
2011 03 11 17 21 00 2 5662.728
2011 03 11 17 22 00 2 5662.728
2011 03 11 17 23 00 2 5662.758
2011 03 11 17 24 00 2 5662.751
2011 03 11 17 25 00 2 5662.742
2011 03 11 17 26 00 2 5662.736
2011 03 11 17 27 00 2 5662.732
2011 03 11 17 28 00 2 5662.735
2011 03 11 17 29 00 2 5662.744
2011 03 11 17 30 00 1 9999.000
2011 03 11 17 30 00 2 5662.736
2011 03 11 17 31 00 2 5662.726
2011 03 11 17 32 00 2 5662.750
2011 03 11 17 33 00 2 5662.769
2011 03 11 17 34 00 2 5662.775
2011 03 11 17 35 00 2 5662.780
2011 03 11 17 36 00 2 5662.764
2011 03 11 17 37 00 2 5662.750
2011 03 11 17 38 00 2 5662.762
2011 03 11 17 39 00 2 5662.770
2011 03 11 17 40 00 2 5662.769
2011 03 11 17 41 00 2 5662.771
2011 03 11 17 42 00 2 5662.789
2011 03 11 17 43 00 2 5662.788
2011 03 11 17 44 00 2 5662.809
2011 03 11 17 45 00 1 9999.000
2011 03 11 17 45 00 2 5662.827
2011 03 11 17 46 00 2 5662.809
2011 03 11 17 47 00 2 5662.790
2011 03 11 17 48 00 2 5662.820
2011 03 11 17 49 00 2 5662.864
2011 03 11 17 50 00 2 5662.873
2011 03 11 17 51 00 2 5662.849
2011 03 11 17 52 00 2 5662.842
2011 03 11 17 53 00 2 5662.864
2011 03 11 17 54 00 2 5662.868
2011 03 11 17 55 00 2 5662.858
2011 03 11 17 56 00 2 5662.851
2011 03 11 17 57 00 2 5662.843
2011 03 11 17 58 00 2 5662.826
2011 03 11 17 59 00 2 5662.808
2011 03 11 18 00 00 1 9999.000
2011 03 11 18 00 00 2 5662.800
2011 03 11 18 01 00 2 5662.796
2011 03 11 18 02 00 2 5662.811
2011 03 11 18 03 00 2 5662.808
2011 03 11 18 04 00 2 5661.753
2011 03 11 18 05 00 2 5662.798
2011 03 11 18 06 00 2 5662.805
2011 03 11 18 07 00 2 5662.804
2011 03 11 18 08 00 2 5662.786
2011 03 11 18 09 00 2 5662.794
2011 03 11 18 10 00 2 5662.799
2011 03 11 18 11 00 2 5662.788
2011 03 11 18 12 00 2 5662.791
2011 03 11 18 13 00 2 5662.804
2011 03 11 18 14 00 2 5662.800
2011 03 11 18 15 00 1 9999.000
2011 03 11 18 15 00 2 5662.810
2011 03 11 18 16 00 2 5662.818
2011 03 11 18 17 00 2 5662.833
2011 03 11 18 18 00 2 5662.833
2011 03 11 18 19 00 2 5662.837
2011 03 11 18 20 00 2 5662.820
2011 03 11 18 21 00 2 5662.812
2011 03 11 18 22 00 2 5662.812
2011 03 11 18 23 00 2 5662.823
2011 03 11 18 24 00 2 5662.839
2011 03 11 18 25 00 2 5662.839
2011 03 11 18 26 00 2 5662.814
2011 03 11 18 27 00 2 5662.811
2011 03 11 18 28 00 2 5662.834
2011 03 11 18 29 00 2 5662.849
2011 03 11 18 30 00 1 9999.000
2011 03 11 18 30 00 2 5662.848
2011 03 11 18 31 00 2 5662.860
2011 03 11 18 32 00 2 5662.860
2011 03 11 18 33 00 2 5662.835
2011 03 11 18 34 00 2 5662.827
2011 03 11 18 35 00 2 5662.848
2011 03 11 18 36 00 2 5662.862
2011 03 11 18 37 00 2 5662.876
2011 03 11 18 38 00 2 5662.899
2011 03 11 18 39 00 2 5662.894
2011 03 11 18 40 00 2 5662.881
2011 03 11 18 41 00 2 5662.901
2011 03 11 18 42 00 2 5662.894
2011 03 11 18 43 00 2 5662.890
2011 03 11 18 44 00 2 5662.898
2011 03 11 18 45 00 1 9999.000
2011 03 11 18 45 00 2 5662.922
2011 03 11 18 46 00 2 5662.916
2011 03 11 18 47 00 2 5662.901
2011 03 11 18 48 00 2 5662.895
2011 03 11 18 49 00 2 5662.884
2011 03 11 18 50 00 2 5662.882
2011 03 11 18 51 00 2 5662.883
2011 03 11 18 52 00 2 5662.875
2011 03 11 18 53 00 2 5662.859
2011 03 11 18 54 00 2 5662.858
2011 03 11 18 55 00 2 5662.869
2011 03 11 18 56 00 2 5662.854
2011 03 11 18 57 00 2 5662.848
2011 03 11 18 58 00 2 5662.855
2011 03 11 18 59 00 2 5662.833
2011 03 11 19 00 00 1 9999.000
2011 03 11 19 00 00 2 5662.819
2011 03 11 19 01 00 2 5662.839
2011 03 11 19 02 00 2 5662.846
2011 03 11 19 03 00 2 5662.842
2011 03 11 19 04 00 2 5662.847
2011 03 11 19 05 00 2 5662.868
2011 03 11 19 06 00 2 5662.897
2011 03 11 19 07 00 2 5662.871
2011 03 11 19 08 00 2 5662.909
2011 03 11 19 09 00 2 5662.923
2011 03 11 19 10 00 2 5662.938
2011 03 11 19 11 00 2 5662.936
2011 03 11 19 12 00 2 5662.935
2011 03 11 19 13 00 2 5662.906
2011 03 11 19 14 00 2 5662.895
2011 03 11 19 15 00 1 9999.000
2011 03 11 19 15 00 2 5662.893
2011 03 11 19 16 00 2 5662.902
2011 03 11 19 17 00 2 5662.889
2011 03 11 19 18 00 2 5662.873
2011 03 11 19 19 00 2 5662.881
2011 03 11 19 20 00 2 5662.891
2011 03 11 19 21 00 2 5662.900
2011 03 11 19 22 00 2 5662.913
2011 03 11 19 23 00 2 5662.925
2011 03 11 19 24 00 2 5662.951
2011 03 11 19 25 00 2 5662.962
2011 03 11 19 26 00 2 5662.953
2011 03 11 19 27 00 2 5662.945
2011 03 11 19 28 00 2 5662.947
2011 03 11 19 29 00 2 5662.973
2011 03 11 19 30 00 1 9999.000
2011 03 11 19 30 00 2 5662.990
2011 03 11 19 31 00 2 5662.995
2011 03 11 19 32 00 2 5663.006
2011 03 11 19 33 00 2 5663.006
2011 03 11 19 34 00 2 5663.004
2011 03 11 19 35 00 2 5663.011
2011 03 11 19 36 00 2 5663.005
2011 03 11 19 37 00 2 5662.995
2011 03 11 19 38 00 2 5662.991
2011 03 11 19 39 00 2 5662.968
2011 03 11 19 40 00 2 5662.942
2011 03 11 19 41 00 2 5662.942
2011 03 11 19 42 00 2 5662.959
2011 03 11 19 43 00 2 5662.963
2011 03 11 19 44 00 2 5662.967
2011 03 11 19 45 00 1 9999.000
2011 03 11 19 45 00 2 5662.955
2011 03 11 19 46 00 2 5662.938
2011 03 11 19 47 00 2 5662.943
2011 03 11 19 48 00 2 5662.955
2011 03 11 19 49 00 2 5662.954
2011 03 11 19 50 00 2 5662.963
2011 03 11 19 51 00 2 5662.960
2011 03 11 19 52 00 2 5662.955
2011 03 11 19 53 00 2 5662.956
2011 03 11 19 54 00 2 5662.943
2011 03 11 19 55 00 2 5662.950
2011 03 11 19 56 00 2 5662.950
2011 03 11 19 57 00 2 5662.938
2011 03 11 19 58 00 2 5662.948
2011 03 11 19 59 00 2 5662.949
2011 03 11 20 00 00 1 9999.000
2011 03 11 20 00 00 2 5662.972
2011 03 11 20 01 00 2 5662.971
2011 03 11 20 02 00 2 5662.951
2011 03 11 20 03 00 2 5662.959
2011 03 11 20 04 00 2 5662.973
2011 03 11 20 05 00 2 5662.965
2011 03 11 20 06 00 2 5662.967
2011 03 11 20 07 00 2 5662.870
2011 03 11 20 08 00 2 5662.974
2011 03 11 20 09 00 2 5662.978
2011 03 11 20 10 00 2 5663.000
2011 03 11 20 11 00 2 5663.022
2011 03 11 20 12 00 2 5663.028
2011 03 11 20 13 00 2 5663.018
2011 03 11 20 14 00 2 5663.017
2011 03 11 20 15 00 1 9999.000
2011 03 11 20 15 00 2 5663.016
2011 03 11 20 16 00 2 5663.017
2011 03 11 20 17 00 2 5663.030
2011 03 11 20 18 00 2 5663.021
2011 03 11 20 19 00 2 5663.008
2011 03 11 20 20 00 2 5662.993
2011 03 11 20 21 00 2 5663.017
2011 03 11 20 22 00 2 5663.027
2011 03 11 20 23 00 2 5663.033
2011 03 11 20 24 00 2 5663.025
2011 03 11 20 25 00 2 5663.024
2011 03 11 20 26 00 2 5663.021
2011 03 11 20 27 00 2 5663.023
2011 03 11 20 28 00 2 5663.002
2011 03 11 20 29 00 2 5662.982
2011 03 11 20 30 00 1 9999.000
2011 03 11 20 30 00 2 5662.968
2011 03 11 20 31 00 2 5662.943
2011 03 11 20 32 00 2 5662.932
2011 03 11 20 33 00 2 5662.960
2011 03 11 20 34 00 2 5662.969
2011 03 11 20 35 00 2 5662.949
2011 03 11 20 36 00 2 5662.944
2011 03 11 20 37 00 2 5662.953
2011 03 11 20 38 00 2 5662.971
2011 03 11 20 39 00 2 5662.974
2011 03 11 20 40 00 2 5662.967
2011 03 11 20 41 00 2 5662.976
2011 03 11 20 42 00 2 5662.994
2011 03 11 20 43 00 2 5663.004
2011 03 11 20 44 00 2 5663.001
2011 03 11 20 45 00 1 9999.000
2011 03 11 20 45 00 2 5662.997
2011 03 11 20 46 00 2 5663.011
2011 03 11 20 47 00 2 5663.010
2011 03 11 20 48 00 2 5662.994
2011 03 11 20 49 00 2 5663.001
2011 03 11 20 50 00 2 5663.004
2011 03 11 20 51 00 2 5663.005
2011 03 11 20 52 00 2 5663.004
2011 03 11 20 53 00 2 5663.001
2011 03 11 20 54 00 2 5663.001
2011 03 11 20 55 00 2 5663.013
2011 03 11 20 56 00 2 5663.021
2011 03 11 20 57 00 2 5663.021
2011 03 11 20 58 00 2 5663.040
2011 03 11 20 59 00 2 5663.033
2011 03 11 21 00 00 1 9999.000
2011 03 11 21 00 00 2 5663.024
2011 03 11 21 01 00 2 5663.020
2011 03 11 21 02 00 2 5663.008
2011 03 11 21 03 00 2 5663.022
2011 03 11 21 04 00 2 5662.992
2011 03 11 21 05 00 2 5663.017
2011 03 11 21 06 00 2 5663.013
2011 03 11 21 07 00 2 5663.010
2011 03 11 21 08 00 2 5663.017
2011 03 11 21 09 00 2 5663.035
2011 03 11 21 10 00 2 5663.038
2011 03 11 21 11 00 2 5663.045
2011 03 11 21 12 00 2 5663.057
2011 03 11 21 13 00 2 5663.038
2011 03 11 21 14 00 2 5663.021
2011 03 11 21 15 00 1 9999.000
2011 03 11 21 15 00 2 5663.013
2011 03 11 21 16 00 2 5662.998
2011 03 11 21 17 00 2 5663.005
2011 03 11 21 18 00 2 5663.014
2011 03 11 21 19 00 2 5663.010
2011 03 11 21 20 00 2 5663.007
2011 03 11 21 21 00 2 5663.006
2011 03 11 21 22 00 2 5663.013
2011 03 11 21 23 00 2 5663.011
2011 03 11 21 24 00 2 5663.011
2011 03 11 21 25 00 2 5663.015
2011 03 11 21 26 00 2 5663.014
2011 03 11 21 27 00 2 5662.991
2011 03 11 21 28 00 2 5662.984
2011 03 11 21 29 00 2 5662.982
2011 03 11 21 30 00 1 9999.000
2011 03 11 21 30 00 2 5662.959
2011 03 11 21 31 00 2 5662.952
2011 03 11 21 32 00 2 5662.945
2011 03 11 21 33 00 2 5662.945
2011 03 11 21 34 00 2 5662.954
2011 03 11 21 35 00 2 5662.965
2011 03 11 21 36 00 2 5662.978
2011 03 11 21 37 00 2 5662.974
2011 03 11 21 38 00 2 5662.968
2011 03 11 21 39 00 2 5662.971
2011 03 11 21 40 00 2 5662.982
2011 03 11 21 41 00 2 5662.982
2011 03 11 21 42 00 2 5662.967
2011 03 11 21 43 00 2 5662.959
2011 03 11 21 44 00 2 5662.972
2011 03 11 21 45 00 1 9999.000
2011 03 11 21 45 00 2 5662.977
2011 03 11 21 46 00 2 5662.984
2011 03 11 21 47 00 2 5662.997
2011 03 11 21 48 00 2 5662.987
2011 03 11 21 49 00 2 5662.990
2011 03 11 21 50 00 2 5662.993
2011 03 11 21 51 00 2 5662.993
2011 03 11 21 52 00 2 5662.995
2011 03 11 21 53 00 2 5662.996
2011 03 11 21 54 00 2 5663.013
2011 03 11 21 55 00 2 5663.011
2011 03 11 21 56 00 2 5662.991
2011 03 11 21 57 00 2 5662.994
2011 03 11 21 58 00 2 5663.004
2011 03 11 21 59 00 2 5663.001
2011 03 11 22 00 00 1 9999.000
2011 03 11 22 00 00 2 5662.998
2011 03 11 22 01 00 2 5662.953
2011 03 11 22 02 00 2 5662.993
2011 03 11 22 03 00 2 5662.990
2011 03 11 22 04 00 2 5662.421
2011 03 11 22 05 00 2 5662.994
2011 03 11 22 06 00 2 5662.998
2011 03 11 22 07 00 2 5662.940
2011 03 11 22 08 00 2 5662.977
2011 03 11 22 09 00 2 5662.967
2011 03 11 22 10 00 2 5662.970
2011 03 11 22 11 00 2 5662.974
2011 03 11 22 12 00 2 5662.954
2011 03 11 22 13 00 2 5662.966
2011 03 11 22 14 00 2 5662.964
2011 03 11 22 15 00 1 9999.000
2011 03 11 22 15 00 2 5662.957
2011 03 11 22 16 00 2 5662.965
2011 03 11 22 17 00 2 5662.960
2011 03 11 22 18 00 2 5662.962
2011 03 11 22 19 00 2 5662.939
2011 03 11 22 20 00 2 5662.920
2011 03 11 22 21 00 2 5662.927
2011 03 11 22 22 00 2 5662.937
2011 03 11 22 23 00 2 5662.940
2011 03 11 22 24 00 2 5662.929
2011 03 11 22 25 00 2 5662.929
2011 03 11 22 26 00 2 5662.947
2011 03 11 22 27 00 2 5662.947
2011 03 11 22 28 00 2 5662.945
2011 03 11 22 29 00 2 5662.956
2011 03 11 22 30 00 1 9999.000
2011 03 11 22 30 00 2 5662.957
2011 03 11 22 31 00 2 5662.949
2011 03 11 22 32 00 2 5662.940
2011 03 11 22 33 00 2 5662.945
2011 03 11 22 34 00 2 5662.945
2011 03 11 22 35 00 2 5662.929
2011 03 11 22 36 00 2 5662.929
2011 03 11 22 37 00 2 5662.937
2011 03 11 22 38 00 2 5662.939
2011 03 11 22 39 00 2 5662.930
2011 03 11 22 40 00 2 5662.928
2011 03 11 22 41 00 2 5662.923
2011 03 11 22 42 00 2 5662.904
2011 03 11 22 43 00 2 5662.901
2011 03 11 22 44 00 2 5662.902
2011 03 11 22 45 00 1 9999.000
2011 03 11 22 45 00 2 5662.888
2011 03 11 22 46 00 2 5662.887
2011 03 11 22 47 00 2 5662.881
2011 03 11 22 48 00 2 5662.878
2011 03 11 22 49 00 2 5662.882
2011 03 11 22 50 00 2 5662.880
2011 03 11 22 51 00 2 5662.882
2011 03 11 22 52 00 2 5662.889
2011 03 11 22 53 00 2 5662.888
2011 03 11 22 54 00 2 5662.884
2011 03 11 22 55 00 2 5662.879
2011 03 11 22 56 00 2 5662.880
2011 03 11 22 57 00 2 5662.892
2011 03 11 22 58 00 2 5662.885
2011 03 11 22 59 00 2 5662.875
2011 03 11 23 00 00 1 9999.000
2011 03 11 23 00 00 2 5662.875
2011 03 11 23 01 00 2 5662.868
2011 03 11 23 02 00 2 5662.869
2011 03 11 23 03 00 2 5662.875
2011 03 11 23 04 00 2 5662.871
2011 03 11 23 05 00 2 5662.885
2011 03 11 23 06 00 2 5662.882
2011 03 11 23 07 00 2 5662.762
2011 03 11 23 08 00 2 5662.881
2011 03 11 23 09 00 2 5662.888
2011 03 11 23 10 00 2 5662.888
2011 03 11 23 11 00 2 5662.893
2011 03 11 23 12 00 2 5662.885
2011 03 11 23 13 00 2 5662.882
2011 03 11 23 14 00 2 5662.877
2011 03 11 23 15 00 1 9999.000
2011 03 11 23 15 00 2 5662.879
2011 03 11 23 16 00 2 5662.895
2011 03 11 23 17 00 2 5662.897
2011 03 11 23 18 00 2 5662.877
2011 03 11 23 19 00 2 5662.867
2011 03 11 23 20 00 2 5662.843
2011 03 11 23 21 00 2 5662.826
2011 03 11 23 22 00 2 5662.820
2011 03 11 23 23 00 2 5662.812
2011 03 11 23 24 00 2 5662.805
2011 03 11 23 25 00 2 5662.808
2011 03 11 23 26 00 2 5662.815
2011 03 11 23 27 00 2 5662.811
2011 03 11 23 28 00 2 5662.803
2011 03 11 23 29 00 2 5662.799
2011 03 11 23 30 00 1 9999.000
2011 03 11 23 30 00 2 5662.807
2011 03 11 23 31 00 2 5662.816
2011 03 11 23 32 00 2 5662.808
2011 03 11 23 33 00 2 5662.809
2011 03 11 23 34 00 2 5662.812
2011 03 11 23 35 00 2 5662.819
2011 03 11 23 36 00 2 5662.818
2011 03 11 23 37 00 2 5662.819
2011 03 11 23 38 00 2 5662.826
2011 03 11 23 39 00 2 5662.820
2011 03 11 23 40 00 2 5662.822
2011 03 11 23 41 00 2 5662.813
2011 03 11 23 42 00 2 5662.795
2011 03 11 23 43 00 2 5662.801
2011 03 11 23 44 00 2 5662.803
2011 03 11 23 45 00 1 9999.000
2011 03 11 23 45 00 2 5662.788
2011 03 11 23 46 00 2 5662.778
2011 03 11 23 47 00 2 5662.772
2011 03 11 23 48 00 2 5662.772
2011 03 11 23 49 00 2 5662.757
2011 03 11 23 50 00 2 5662.752
2011 03 11 23 51 00 2 5662.753
2011 03 11 23 52 00 2 5662.739
2011 03 11 23 53 00 2 5662.739
2011 03 11 23 54 00 2 5662.746
2011 03 11 23 55 00 2 5662.753
2011 03 11 23 56 00 2 5662.747
2011 03 11 23 57 00 2 5662.740
2011 03 11 23 58 00 2 5662.741
2011 03 11 23 59 00 2 5662.759
2011 03 12 00 00 00 1 9999.000
2011 03 12 00 00 00 2 5662.770
2011 03 12 00 01 00 2 5662.712
2011 03 12 00 02 00 2 5662.726
2011 03 12 00 03 00 2 5662.733
2011 03 12 00 04 00 2 5662.706
2011 03 12 00 05 00 2 5662.741
2011 03 12 00 06 00 2 5662.746
2011 03 12 00 07 00 2 5661.641
2011 03 12 00 08 00 2 5662.755
2011 03 12 00 09 00 2 5662.756
2011 03 12 00 10 00 2 5662.749
2011 03 12 00 11 00 2 5662.754
2011 03 12 00 12 00 2 5662.758
2011 03 12 00 13 00 2 5662.756
2011 03 12 00 14 00 2 5662.757
2011 03 12 00 15 00 1 9999.000
2011 03 12 00 15 00 2 5662.758
2011 03 12 00 16 00 2 5662.760
2011 03 12 00 17 00 2 5662.739
2011 03 12 00 18 00 2 5662.733
2011 03 12 00 19 00 2 5662.722
2011 03 12 00 20 00 2 5662.723
2011 03 12 00 21 00 2 5662.714
2011 03 12 00 22 00 2 5662.708
2011 03 12 00 23 00 2 5662.703
2011 03 12 00 24 00 2 5662.701
2011 03 12 00 25 00 2 5662.715
2011 03 12 00 26 00 2 5662.705
2011 03 12 00 27 00 2 5662.686
2011 03 12 00 28 00 2 5662.673
2011 03 12 00 29 00 2 5662.670
2011 03 12 00 30 00 1 9999.000
2011 03 12 00 30 00 2 5662.668
2011 03 12 00 31 00 2 5662.652
2011 03 12 00 32 00 2 5662.650
2011 03 12 00 33 00 2 5662.652
2011 03 12 00 34 00 2 5662.672
2011 03 12 00 35 00 2 5662.673
2011 03 12 00 36 00 2 5662.665
2011 03 12 00 37 00 2 5662.658
2011 03 12 00 38 00 2 5662.651
2011 03 12 00 39 00 2 5662.658
2011 03 12 00 40 00 2 5662.658
2011 03 12 00 41 00 2 5662.665
2011 03 12 00 42 00 2 5662.667
2011 03 12 00 43 00 2 5662.658
2011 03 12 00 44 00 2 5662.651
2011 03 12 00 45 00 1 9999.000
2011 03 12 00 45 00 2 5662.628
2011 03 12 00 46 00 2 5662.607
2011 03 12 00 47 00 2 5662.631
2011 03 12 00 48 00 2 5662.628
2011 03 12 00 49 00 2 5662.613
2011 03 12 00 50 00 2 5662.609
2011 03 12 00 51 00 2 5662.615
2011 03 12 00 52 00 2 5662.620
2011 03 12 00 53 00 2 5662.623
2011 03 12 00 54 00 2 5662.633
2011 03 12 00 55 00 2 5662.644
2011 03 12 00 56 00 2 5662.646
2011 03 12 00 57 00 2 5662.630
2011 03 12 00 58 00 2 5662.626
2011 03 12 00 59 00 2 5662.626
2011 03 12 01 00 00 1 9999.000
2011 03 12 01 00 00 2 5662.623
2011 03 12 01 01 00 2 5662.628
2011 03 12 01 02 00 2 5662.623
2011 03 12 01 03 00 2 5662.619
2011 03 12 01 04 00 2 5662.613
2011 03 12 01 05 00 2 5662.612
2011 03 12 01 06 00 2 5662.613
2011 03 12 01 07 00 2 5662.608
2011 03 12 01 08 00 2 5662.592
2011 03 12 01 09 00 2 5662.593
2011 03 12 01 10 00 2 5662.586
2011 03 12 01 11 00 2 5662.574
2011 03 12 01 12 00 2 5662.570
2011 03 12 01 13 00 2 5662.563
2011 03 12 01 14 00 2 5662.565
2011 03 12 01 15 00 1 9999.000
2011 03 12 01 15 00 2 5662.551
2011 03 12 01 16 00 2 5662.541
2011 03 12 01 17 00 2 5662.540
2011 03 12 01 18 00 2 5662.531
2011 03 12 01 19 00 2 5662.519
2011 03 12 01 20 00 2 5662.509
2011 03 12 01 21 00 2 5662.507
2011 03 12 01 22 00 2 5662.513
2011 03 12 01 23 00 2 5662.519
2011 03 12 01 24 00 2 5662.518
2011 03 12 01 25 00 2 5662.522
2011 03 12 01 26 00 2 5662.532
2011 03 12 01 27 00 2 5662.533
2011 03 12 01 28 00 2 5662.535
2011 03 12 01 29 00 2 5662.535
2011 03 12 01 30 00 1 9999.000
2011 03 12 01 30 00 2 5662.531
2011 03 12 01 31 00 2 5662.543
2011 03 12 01 32 00 2 5662.532
2011 03 12 01 33 00 2 5662.528
2011 03 12 01 34 00 2 5662.524
2011 03 12 01 35 00 2 5662.516
2011 03 12 01 36 00 2 5662.501
2011 03 12 01 37 00 2 5662.508
2011 03 12 01 38 00 2 5662.523
2011 03 12 01 39 00 2 5662.524
2011 03 12 01 40 00 2 5662.522
2011 03 12 01 41 00 2 5662.520
2011 03 12 01 42 00 2 5662.511
2011 03 12 01 43 00 2 5662.500
2011 03 12 01 44 00 2 5662.487
2011 03 12 01 45 00 1 9999.000
2011 03 12 01 45 00 2 5662.468
2011 03 12 01 46 00 2 5662.459
2011 03 12 01 47 00 2 5662.454
2011 03 12 01 48 00 2 5662.455
2011 03 12 01 49 00 2 5662.459
2011 03 12 01 50 00 2 5662.458
2011 03 12 01 51 00 2 5662.448
2011 03 12 01 52 00 2 5662.438
2011 03 12 01 53 00 2 5662.431
2011 03 12 01 54 00 2 5662.416
2011 03 12 01 55 00 2 5662.431
2011 03 12 01 56 00 2 5662.420
2011 03 12 01 57 00 2 5662.426
2011 03 12 01 58 00 2 5662.419
2011 03 12 01 59 00 2 5662.411
2011 03 12 02 00 00 1 9999.000
2011 03 12 02 00 00 2 5662.425
2011 03 12 02 01 00 2 5662.422
2011 03 12 02 02 00 2 5662.424
2011 03 12 02 03 00 2 5662.425
2011 03 12 02 04 00 2 5662.427
2011 03 12 02 05 00 2 5662.432
2011 03 12 02 06 00 2 5662.440
2011 03 12 02 07 00 2 5662.429
2011 03 12 02 08 00 2 5662.422
2011 03 12 02 09 00 2 5662.416
2011 03 12 02 10 00 2 5662.422
2011 03 12 02 11 00 2 5662.421
2011 03 12 02 12 00 2 5662.420
2011 03 12 02 13 00 2 5662.425
2011 03 12 02 14 00 2 5662.436
2011 03 12 02 15 00 1 9999.000
2011 03 12 02 15 00 2 5662.434
2011 03 12 02 16 00 2 5662.423
2011 03 12 02 17 00 2 5662.427
2011 03 12 02 18 00 2 5662.420
2011 03 12 02 19 00 2 5662.411
2011 03 12 02 20 00 2 5662.416
2011 03 12 02 21 00 2 5662.410
2011 03 12 02 22 00 2 5662.421
2011 03 12 02 23 00 2 5662.411
2011 03 12 02 24 00 2 5662.403
2011 03 12 02 25 00 2 5662.402
2011 03 12 02 26 00 2 5662.409
2011 03 12 02 27 00 2 5662.400
2011 03 12 02 28 00 2 5662.400
2011 03 12 02 29 00 2 5662.397
2011 03 12 02 30 00 1 9999.000
2011 03 12 02 30 00 2 5662.393
2011 03 12 02 31 00 2 5662.381
2011 03 12 02 32 00 2 5662.373
2011 03 12 02 33 00 2 5662.363
2011 03 12 02 34 00 2 5662.359
2011 03 12 02 35 00 2 5662.350
2011 03 12 02 36 00 2 5662.342
2011 03 12 02 37 00 2 5662.347
2011 03 12 02 38 00 2 5662.342
2011 03 12 02 39 00 2 5662.334
2011 03 12 02 40 00 2 5662.337
2011 03 12 02 41 00 2 5662.344
2011 03 12 02 42 00 2 5662.340
2011 03 12 02 43 00 2 5662.339
2011 03 12 02 44 00 2 5662.345
2011 03 12 02 45 00 1 9999.000
2011 03 12 02 45 00 2 5662.341
2011 03 12 02 46 00 2 5662.346
2011 03 12 02 47 00 2 5662.335
2011 03 12 02 48 00 2 5662.306
2011 03 12 02 49 00 2 5662.300
2011 03 12 02 50 00 2 5662.297
2011 03 12 02 51 00 2 5662.284
2011 03 12 02 52 00 2 5662.289
2011 03 12 02 53 00 2 5662.293
2011 03 12 02 54 00 2 5662.284
2011 03 12 02 55 00 2 5662.288
2011 03 12 02 56 00 2 5662.286
2011 03 12 02 57 00 2 5662.289
2011 03 12 02 58 00 2 5662.299
2011 03 12 02 59 00 2 5662.299
2011 03 12 03 00 00 1 9999.000
2011 03 12 03 00 00 2 5662.305
2011 03 12 03 01 00 2 5662.273
2011 03 12 03 02 00 2 5662.309
2011 03 12 03 03 00 2 5662.331
2011 03 12 03 04 00 2 5662.338
2011 03 12 03 05 00 2 5662.338
2011 03 12 03 06 00 2 5662.331
2011 03 12 03 07 00 2 5662.260
2011 03 12 03 08 00 2 5662.336
2011 03 12 03 09 00 2 5662.330
2011 03 12 03 10 00 2 5662.321
2011 03 12 03 11 00 2 5662.305
2011 03 12 03 12 00 2 5662.305
2011 03 12 03 13 00 2 5662.302
2011 03 12 03 14 00 2 5662.300
2011 03 12 03 15 00 1 9999.000
2011 03 12 03 15 00 2 5662.302
2011 03 12 03 16 00 2 5662.306
2011 03 12 03 17 00 2 5662.305
2011 03 12 03 18 00 2 5662.295
2011 03 12 03 19 00 2 5662.293
2011 03 12 03 20 00 2 5662.303
2011 03 12 03 21 00 2 5662.301
2011 03 12 03 22 00 2 5662.288
2011 03 12 03 23 00 2 5662.285
2011 03 12 03 24 00 2 5662.287
2011 03 12 03 25 00 2 5662.295
2011 03 12 03 26 00 2 5662.289
2011 03 12 03 27 00 2 5662.274
2011 03 12 03 28 00 2 5662.274
2011 03 12 03 29 00 2 5662.278
2011 03 12 03 30 00 1 9999.000
2011 03 12 03 30 00 2 5662.268
2011 03 12 03 31 00 2 5662.261
2011 03 12 03 32 00 2 5662.265
2011 03 12 03 33 00 2 5662.262
2011 03 12 03 34 00 2 5662.261
2011 03 12 03 35 00 2 5662.255
2011 03 12 03 36 00 2 5662.242
2011 03 12 03 37 00 2 5662.241
2011 03 12 03 38 00 2 5662.230
2011 03 12 03 39 00 2 5662.235
2011 03 12 03 40 00 2 5662.235
2011 03 12 03 41 00 2 5662.231
2011 03 12 03 42 00 2 5662.237
2011 03 12 03 43 00 2 5662.231
2011 03 12 03 44 00 2 5662.243
2011 03 12 03 45 00 1 9999.000
2011 03 12 03 45 00 2 5662.252
2011 03 12 03 46 00 2 5662.251
2011 03 12 03 47 00 2 5662.246
2011 03 12 03 48 00 2 5662.240
2011 03 12 03 49 00 2 5662.237
2011 03 12 03 50 00 2 5662.247
2011 03 12 03 51 00 2 5662.249
2011 03 12 03 52 00 2 5662.235
2011 03 12 03 53 00 2 5662.238
2011 03 12 03 54 00 2 5662.238
2011 03 12 03 55 00 2 5662.235
2011 03 12 03 56 00 2 5662.241
2011 03 12 03 57 00 2 5662.251
2011 03 12 03 58 00 2 5662.247
2011 03 12 03 59 00 2 5662.245
2011 03 12 04 00 00 1 9999.000
2011 03 12 04 00 00 2 5662.248
2011 03 12 04 01 00 2 5662.253
2011 03 12 04 02 00 2 5662.241
2011 03 12 04 03 00 2 5662.240
2011 03 12 04 04 00 2 5662.248
2011 03 12 04 05 00 2 5662.243
2011 03 12 04 06 00 2 5662.232
2011 03 12 04 07 00 2 5662.231
2011 03 12 04 08 00 2 5662.237
2011 03 12 04 09 00 2 5662.239
2011 03 12 04 10 00 2 5662.237
2011 03 12 04 11 00 2 5662.227
2011 03 12 04 12 00 2 5662.223
2011 03 12 04 13 00 2 5662.219
2011 03 12 04 14 00 2 5662.222
2011 03 12 04 15 00 1 9999.000
2011 03 12 04 15 00 2 5662.225
2011 03 12 04 16 00 2 5662.217
2011 03 12 04 17 00 2 5662.214
2011 03 12 04 18 00 2 5662.204
2011 03 12 04 19 00 2 5662.191
2011 03 12 04 20 00 2 5662.191
2011 03 12 04 21 00 2 5662.200
2011 03 12 04 22 00 2 5662.196
2011 03 12 04 23 00 2 5662.199
2011 03 12 04 24 00 2 5662.204
2011 03 12 04 25 00 2 5662.215
2011 03 12 04 26 00 2 5662.211
2011 03 12 04 27 00 2 5662.214
2011 03 12 04 28 00 2 5662.216
2011 03 12 04 29 00 2 5662.207
2011 03 12 04 30 00 1 9999.000
2011 03 12 04 30 00 2 5662.216
2011 03 12 04 31 00 2 5662.226
2011 03 12 04 32 00 2 5662.225
2011 03 12 04 33 00 2 5662.221
2011 03 12 04 34 00 2 5662.210
2011 03 12 04 35 00 2 5662.216
2011 03 12 04 36 00 2 5662.221
2011 03 12 04 37 00 2 5662.217
2011 03 12 04 38 00 2 5662.215
2011 03 12 04 39 00 2 5662.229
2011 03 12 04 40 00 2 5662.229
2011 03 12 04 41 00 2 5662.227
2011 03 12 04 42 00 2 5662.236
2011 03 12 04 43 00 2 5662.230
2011 03 12 04 44 00 2 5662.229
2011 03 12 04 45 00 1 9999.000
2011 03 12 04 45 00 2 5662.236
2011 03 12 04 46 00 2 5662.232
2011 03 12 04 47 00 2 5662.225
2011 03 12 04 48 00 2 5662.230
2011 03 12 04 49 00 2 5662.234
2011 03 12 04 50 00 2 5662.226
2011 03 12 04 51 00 2 5662.213
2011 03 12 04 52 00 2 5662.215
2011 03 12 04 53 00 2 5662.218
2011 03 12 04 54 00 2 5662.211
2011 03 12 04 55 00 2 5662.201
2011 03 12 04 56 00 2 5662.196
2011 03 12 04 57 00 2 5662.197
2011 03 12 04 58 00 2 5662.206
2011 03 12 04 59 00 2 5662.215
2011 03 12 05 00 00 1 9999.000
2011 03 12 05 00 00 2 5662.216
2011 03 12 05 01 00 2 5662.221
2011 03 12 05 02 00 2 5662.226
2011 03 12 05 03 00 2 5662.233
2011 03 12 05 04 00 2 5662.240
2011 03 12 05 05 00 2 5662.242
2011 03 12 05 06 00 2 5662.237
2011 03 12 05 07 00 2 5662.162
2011 03 12 05 08 00 2 5662.237
2011 03 12 05 09 00 2 5662.235
2011 03 12 05 10 00 2 5662.230
2011 03 12 05 11 00 2 5662.229
2011 03 12 05 12 00 2 5662.239
2011 03 12 05 13 00 2 5662.240
2011 03 12 05 14 00 2 5662.235
2011 03 12 05 15 00 1 9999.000
2011 03 12 05 15 00 2 5662.234
2011 03 12 05 16 00 2 5662.227
2011 03 12 05 17 00 2 5662.241
2011 03 12 05 18 00 2 5662.249
2011 03 12 05 19 00 2 5662.255
2011 03 12 05 20 00 2 5662.257
2011 03 12 05 21 00 2 5662.252
2011 03 12 05 22 00 2 5662.243
2011 03 12 05 23 00 2 5662.230
2011 03 12 05 24 00 2 5662.223
2011 03 12 05 25 00 2 5662.229
2011 03 12 05 26 00 2 5662.231
2011 03 12 05 27 00 2 5662.228
2011 03 12 05 28 00 2 5662.230
2011 03 12 05 29 00 2 5662.232
2011 03 12 05 30 00 1 9999.000
2011 03 12 05 30 00 2 5662.232
2011 03 12 05 31 00 2 5662.233
2011 03 12 05 32 00 2 5662.239
2011 03 12 05 33 00 2 5662.225
2011 03 12 05 34 00 2 5662.219
2011 03 12 05 35 00 2 5662.226
2011 03 12 05 36 00 2 5662.221
2011 03 12 05 37 00 2 5662.224
2011 03 12 05 38 00 2 5662.227
2011 03 12 05 39 00 2 5662.216
2011 03 12 05 40 00 2 5662.209
2011 03 12 05 41 00 2 5662.213
2011 03 12 05 42 00 2 5662.222
2011 03 12 05 43 00 2 5662.220
2011 03 12 05 44 00 2 5662.217
2011 03 12 05 45 00 1 9999.000
2011 03 12 05 45 00 2 5662.221
2011 03 12 05 46 00 2 5662.223
2011 03 12 05 47 00 2 5662.221
2011 03 12 05 48 00 2 5662.223
2011 03 12 05 49 00 2 5662.234
2011 03 12 05 50 00 2 5662.246
2011 03 12 05 51 00 2 5662.247
2011 03 12 05 52 00 2 5662.254
2011 03 12 05 53 00 2 5662.260
2011 03 12 05 54 00 2 5662.268
2011 03 12 05 55 00 2 5662.278
2011 03 12 05 56 00 2 5662.278
2011 03 12 05 57 00 2 5662.268
2011 03 12 05 58 00 2 5662.265
2011 03 12 05 59 00 2 5662.266
2011 03 12 06 00 00 1 9999.000
2011 03 12 06 00 00 2 5662.267
2011 03 12 06 01 00 2 5662.264
2011 03 12 06 02 00 2 5662.262
2011 03 12 06 03 00 2 5662.270
2011 03 12 06 04 00 2 5662.270
2011 03 12 06 05 00 2 5662.267
2011 03 12 06 06 00 2 5662.270
2011 03 12 06 07 00 2 5662.272
2011 03 12 06 08 00 2 5662.282
2011 03 12 06 09 00 2 5662.285
2011 03 12 06 10 00 2 5662.286
2011 03 12 06 11 00 2 5662.293
2011 03 12 06 12 00 2 5662.293
2011 03 12 06 13 00 2 5662.293
2011 03 12 06 14 00 2 5662.300
2011 03 12 06 15 00 1 9999.000
2011 03 12 06 15 00 2 5662.303
2011 03 12 06 16 00 2 5662.303
2011 03 12 06 17 00 2 5662.303
2011 03 12 06 18 00 2 5662.302
2011 03 12 06 19 00 2 5662.295
2011 03 12 06 20 00 2 5662.298
2011 03 12 06 21 00 2 5662.293
2011 03 12 06 22 00 2 5662.296
2011 03 12 06 23 00 2 5662.301
2011 03 12 06 24 00 2 5662.296
2011 03 12 06 25 00 2 5662.307
2011 03 12 06 26 00 2 5662.310
2011 03 12 06 27 00 2 5662.304
2011 03 12 06 28 00 2 5662.306
2011 03 12 06 29 00 2 5662.311
2011 03 12 06 30 00 1 9999.000
2011 03 12 06 30 00 2 5662.314
2011 03 12 06 31 00 2 5662.316
2011 03 12 06 32 00 2 5662.314
2011 03 12 06 33 00 2 5662.309
2011 03 12 06 34 00 2 5662.301
2011 03 12 06 35 00 2 5662.293
2011 03 12 06 36 00 2 5662.291
2011 03 12 06 37 00 2 5662.302
2011 03 12 06 38 00 2 5662.299
2011 03 12 06 39 00 2 5662.296
2011 03 12 06 40 00 2 5662.287
2011 03 12 06 41 00 2 5662.274
2011 03 12 06 42 00 2 5662.279
2011 03 12 06 43 00 2 5662.285
2011 03 12 06 44 00 2 5662.290
2011 03 12 06 45 00 1 9999.000
2011 03 12 06 45 00 2 5662.294
2011 03 12 06 46 00 2 5662.301
2011 03 12 06 47 00 2 5662.305
2011 03 12 06 48 00 2 5662.304
2011 03 12 06 49 00 2 5662.309
2011 03 12 06 50 00 2 5662.308
2011 03 12 06 51 00 2 5662.308
2011 03 12 06 52 00 2 5662.310
2011 03 12 06 53 00 2 5662.308
2011 03 12 06 54 00 2 5662.312
2011 03 12 06 55 00 2 5662.325
2011 03 12 06 56 00 2 5662.337
2011 03 12 06 57 00 2 5662.339
2011 03 12 06 58 00 2 5662.338
2011 03 12 06 59 00 2 5662.343
2011 03 12 07 00 00 1 9999.000
2011 03 12 07 00 00 2 5662.352
2011 03 12 07 01 00 2 5662.351
2011 03 12 07 02 00 2 5662.356
2011 03 12 07 03 00 2 5662.367
2011 03 12 07 04 00 2 5662.373
2011 03 12 07 05 00 2 5662.367
2011 03 12 07 06 00 2 5662.372
2011 03 12 07 07 00 2 5662.376
2011 03 12 07 08 00 2 5662.380
2011 03 12 07 09 00 2 5662.384
2011 03 12 07 10 00 2 5662.384
2011 03 12 07 11 00 2 5662.386
2011 03 12 07 12 00 2 5662.392
2011 03 12 07 13 00 2 5662.392
2011 03 12 07 14 00 2 5662.387
2011 03 12 07 15 00 1 9999.000
2011 03 12 07 15 00 2 5662.377
2011 03 12 07 16 00 2 5662.380
2011 03 12 07 17 00 2 5662.388
2011 03 12 07 18 00 2 5662.392
2011 03 12 07 19 00 2 5662.391
2011 03 12 07 20 00 2 5662.387
2011 03 12 07 21 00 2 5662.382
2011 03 12 07 22 00 2 5662.374
2011 03 12 07 23 00 2 5662.381
2011 03 12 07 24 00 2 5662.384
2011 03 12 07 25 00 2 5662.387
2011 03 12 07 26 00 2 5662.398
2011 03 12 07 27 00 2 5662.401
2011 03 12 07 28 00 2 5662.397
2011 03 12 07 29 00 2 5662.393
2011 03 12 07 30 00 1 9999.000
2011 03 12 07 30 00 2 5662.394
2011 03 12 07 31 00 2 5662.396
2011 03 12 07 32 00 2 5662.404
2011 03 12 07 33 00 2 5662.398
2011 03 12 07 34 00 2 5662.397
2011 03 12 07 35 00 2 5662.416
2011 03 12 07 36 00 2 5662.416
2011 03 12 07 37 00 2 5662.411
2011 03 12 07 38 00 2 5662.413
2011 03 12 07 39 00 2 5662.407
2011 03 12 07 40 00 2 5662.396
2011 03 12 07 41 00 2 5662.402
2011 03 12 07 42 00 2 5662.406
2011 03 12 07 43 00 2 5662.405
2011 03 12 07 44 00 2 5662.408
2011 03 12 07 45 00 1 9999.000
2011 03 12 07 45 00 2 5662.410
2011 03 12 07 46 00 2 5662.412
2011 03 12 07 47 00 2 5662.416
2011 03 12 07 48 00 2 5662.420
2011 03 12 07 49 00 2 5662.424
2011 03 12 07 50 00 2 5662.431
2011 03 12 07 51 00 2 5662.426
2011 03 12 07 52 00 2 5662.417
2011 03 12 07 53 00 2 5662.416
2011 03 12 07 54 00 2 5662.422
2011 03 12 07 55 00 2 5662.425
2011 03 12 07 56 00 2 5662.424
2011 03 12 07 57 00 2 5662.425
2011 03 12 07 58 00 2 5662.435
2011 03 12 07 59 00 2 5662.434
2011 03 12 08 00 00 1 9999.000
2011 03 12 08 00 00 2 5662.427
2011 03 12 08 01 00 2 5662.432
2011 03 12 08 02 00 2 5662.440
2011 03 12 08 03 00 2 5662.438
2011 03 12 08 04 00 2 5662.438
2011 03 12 08 05 00 2 5662.448
2011 03 12 08 06 00 2 5662.452
2011 03 12 08 07 00 2 5662.454
2011 03 12 08 08 00 2 5662.465
2011 03 12 08 09 00 2 5662.470
2011 03 12 08 10 00 2 5662.471
2011 03 12 08 11 00 2 5662.471
2011 03 12 08 12 00 2 5662.480
2011 03 12 08 13 00 2 5662.487
2011 03 12 08 14 00 2 5662.489
2011 03 12 08 15 00 1 9999.000
2011 03 12 08 15 00 2 5662.485
2011 03 12 08 16 00 2 5662.484
2011 03 12 08 17 00 2 5662.487
2011 03 12 08 18 00 2 5662.483
2011 03 12 08 19 00 2 5662.488
2011 03 12 08 20 00 2 5662.491
2011 03 12 08 21 00 2 5662.495
2011 03 12 08 22 00 2 5662.497
2011 03 12 08 23 00 2 5662.499
2011 03 12 08 24 00 2 5662.510
2011 03 12 08 25 00 2 5662.519
2011 03 12 08 26 00 2 5662.511
2011 03 12 08 27 00 2 5662.504
2011 03 12 08 28 00 2 5662.508
2011 03 12 08 29 00 2 5662.506
2011 03 12 08 30 00 1 9999.000
2011 03 12 08 30 00 2 5662.510
2011 03 12 08 31 00 2 5662.524
2011 03 12 08 32 00 2 5662.530
2011 03 12 08 33 00 2 5662.528
2011 03 12 08 34 00 2 5662.532
2011 03 12 08 35 00 2 5662.530
2011 03 12 08 36 00 2 5662.526
2011 03 12 08 37 00 2 5662.524
2011 03 12 08 38 00 2 5662.522
2011 03 12 08 39 00 2 5662.519
2011 03 12 08 40 00 2 5662.519
2011 03 12 08 41 00 2 5662.528
2011 03 12 08 42 00 2 5662.535
2011 03 12 08 43 00 2 5662.538
2011 03 12 08 44 00 2 5662.539
2011 03 12 08 45 00 1 9999.000
2011 03 12 08 45 00 2 5662.543
2011 03 12 08 46 00 2 5662.551
2011 03 12 08 47 00 2 5662.554
2011 03 12 08 48 00 2 5662.543
2011 03 12 08 49 00 2 5662.538
2011 03 12 08 50 00 2 5662.551
2011 03 12 08 51 00 2 5662.549
2011 03 12 08 52 00 2 5662.541
2011 03 12 08 53 00 2 5662.541
2011 03 12 08 54 00 2 5662.544
2011 03 12 08 55 00 2 5662.547
2011 03 12 08 56 00 2 5662.542
2011 03 12 08 57 00 2 5662.541
2011 03 12 08 58 00 2 5662.544
2011 03 12 08 59 00 2 5662.538
2011 03 12 09 00 00 1 9999.000
2011 03 12 09 00 00 2 5662.540
2011 03 12 09 01 00 2 5662.539
2011 03 12 09 02 00 2 5662.537
2011 03 12 09 03 00 2 5662.535
2011 03 12 09 04 00 2 5662.536
2011 03 12 09 05 00 2 5662.543
2011 03 12 09 06 00 2 5662.547
2011 03 12 09 07 00 2 5662.541
2011 03 12 09 08 00 2 5662.541
2011 03 12 09 09 00 2 5662.548
2011 03 12 09 10 00 2 5662.553
2011 03 12 09 11 00 2 5662.566
2011 03 12 09 12 00 2 5662.574
2011 03 12 09 13 00 2 5662.584
2011 03 12 09 14 00 2 5662.588
2011 03 12 09 15 00 1 9999.000
2011 03 12 09 15 00 2 5662.584
2011 03 12 09 16 00 2 5662.583
2011 03 12 09 17 00 2 5662.584
2011 03 12 09 18 00 2 5662.586
2011 03 12 09 19 00 2 5662.588
2011 03 12 09 20 00 2 5662.599
2011 03 12 09 21 00 2 5662.605
2011 03 12 09 22 00 2 5662.602
2011 03 12 09 23 00 2 5662.606
2011 03 12 09 24 00 2 5662.611
2011 03 12 09 25 00 2 5662.612
2011 03 12 09 26 00 2 5662.611
2011 03 12 09 27 00 2 5662.612
2011 03 12 09 28 00 2 5662.606
2011 03 12 09 29 00 2 5662.603
2011 03 12 09 30 00 1 9999.000
2011 03 12 09 30 00 2 5662.604
2011 03 12 09 31 00 2 5662.605
2011 03 12 09 32 00 2 5662.609
2011 03 12 09 33 00 2 5662.621
2011 03 12 09 34 00 2 5662.630
2011 03 12 09 35 00 2 5662.630
2011 03 12 09 36 00 2 5662.629
2011 03 12 09 37 00 2 5662.627
2011 03 12 09 38 00 2 5662.629
2011 03 12 09 39 00 2 5662.624
2011 03 12 09 40 00 2 5662.608
2011 03 12 09 41 00 2 5662.605
2011 03 12 09 42 00 2 5662.608
2011 03 12 09 43 00 2 5662.611
2011 03 12 09 44 00 2 5662.608
2011 03 12 09 45 00 1 9999.000
2011 03 12 09 45 00 2 5662.600
2011 03 12 09 46 00 2 5662.609
2011 03 12 09 47 00 2 5662.615
2011 03 12 09 48 00 2 5662.615
2011 03 12 09 49 00 2 5662.629
2011 03 12 09 50 00 2 5662.635
2011 03 12 09 51 00 2 5662.632
2011 03 12 09 52 00 2 5662.637
2011 03 12 09 53 00 2 5662.641
2011 03 12 09 54 00 2 5662.639
2011 03 12 09 55 00 2 5662.642
2011 03 12 09 56 00 2 5662.642
2011 03 12 09 57 00 2 5662.630
2011 03 12 09 58 00 2 5662.628
2011 03 12 09 59 00 2 5662.635
2011 03 12 10 00 00 1 9999.000
2011 03 12 10 15 00 1 5662.655
2011 03 12 10 30 00 1 5662.680
2011 03 12 10 45 00 1 5662.678
2011 03 12 11 00 00 1 5662.685
2011 03 12 11 15 00 1 5662.686
2011 03 12 11 30 00 1 5662.700
2011 03 12 11 45 00 1 5662.701
2011 03 12 12 00 00 1 5662.699
2011 03 12 12 15 00 1 5662.693
2011 03 12 12 30 00 1 5662.700
2011 03 12 12 45 00 1 5662.696
2011 03 12 13 00 00 1 5662.689
2011 03 12 13 15 00 1 5662.668
2011 03 12 13 30 00 1 5662.689
2011 03 12 13 45 00 1 5662.678
2011 03 12 14 00 00 1 5662.656
2011 03 12 14 15 00 1 5662.676
2011 03 12 14 30 00 1 5662.670
2011 03 12 14 45 00 1 5662.676
2011 03 12 15 00 00 1 5662.672
2011 03 12 15 15 00 1 5662.688
2011 03 12 15 30 00 1 5662.675
2011 03 12 15 45 00 1 5662.681
2011 03 12 16 00 00 1 5662.695
2011 03 12 16 15 00 1 5662.710
2011 03 12 16 30 00 1 5662.723
2011 03 12 16 45 00 1 5662.732
2011 03 12 17 00 00 1 5662.743
2011 03 12 17 15 00 1 5662.762
2011 03 12 17 30 00 1 5662.776
2011 03 12 17 45 00 1 5662.770
2011 03 12 18 00 00 1 5662.797
2011 03 12 18 15 00 1 5662.822
2011 03 12 18 30 00 1 5662.840
2011 03 12 18 45 00 1 5662.860
2011 03 12 19 00 00 1 5662.889
2011 03 12 19 15 00 1 5662.890
2011 03 12 19 30 00 1 5662.915
2011 03 12 19 45 00 1 5662.933
2011 03 12 20 00 00 1 5662.940
2011 03 12 20 15 00 1 5662.962
2011 03 12 20 30 00 1 5662.979
2011 03 12 20 45 00 1 5662.978
2011 03 12 21 00 00 1 5662.984
2011 03 12 21 15 00 1 5662.991
2011 03 12 21 30 00 1 5663.002
2011 03 12 21 45 00 1 5662.991
2011 03 12 22 00 00 1 5662.992
2011 03 12 22 15 00 1 5662.978
2011 03 12 22 30 00 1 5662.976
2011 03 12 22 45 00 1 5662.947
2011 03 12 23 00 00 1 5662.928
2011 03 12 23 15 00 1 5662.909
2011 03 12 23 30 00 1 5662.898
2011 03 12 23 45 00 1 5662.877
2011 03 13 00 00 00 1 5662.830
2011 03 13 00 00 30 2 5662.829
2011 03 13 00 01 30 2 5662.831
2011 03 13 00 02 30 2 5662.830
2011 03 13 00 03 30 2 5662.827
2011 03 13 00 04 30 2 5662.821
2011 03 13 00 05 30 2 5662.819
2011 03 13 00 06 30 2 5662.815
2011 03 13 00 07 30 2 5662.808
2011 03 13 00 08 30 2 5662.808
2011 03 13 00 09 30 2 5662.809
2011 03 13 00 10 30 2 5662.806
2011 03 13 00 11 30 2 5662.804
2011 03 13 00 12 30 2 5662.806
2011 03 13 00 13 30 2 5662.805
2011 03 13 00 14 30 2 5662.803
2011 03 13 00 15 00 1 5662.802
2011 03 13 00 15 30 2 5662.803
2011 03 13 00 16 30 2 5662.805
2011 03 13 00 17 30 2 5662.806
2011 03 13 00 18 30 2 5662.804
2011 03 13 00 19 30 2 5662.805
2011 03 13 00 20 30 2 5662.807
2011 03 13 00 21 30 2 5662.801
2011 03 13 00 22 30 2 5662.796
2011 03 13 00 23 30 2 5662.794
2011 03 13 00 24 30 2 5662.793
2011 03 13 00 25 30 2 5662.790
2011 03 13 00 26 30 2 5662.787
2011 03 13 00 27 30 2 5662.784
2011 03 13 00 28 30 2 5662.781
2011 03 13 00 29 30 2 5662.776
2011 03 13 00 30 00 1 5662.772
2011 03 13 00 30 30 2 5662.770
2011 03 13 00 31 30 2 5662.770
2011 03 13 00 32 30 2 5662.770
2011 03 13 00 33 30 2 5662.766
2011 03 13 00 34 30 2 5662.764
2011 03 13 00 35 30 2 5662.768
2011 03 13 00 36 30 2 5662.766
2011 03 13 00 37 30 2 5662.763
2011 03 13 00 38 30 2 5662.760
2011 03 13 00 39 30 2 5662.760
2011 03 13 00 40 30 2 5662.757
2011 03 13 00 41 30 2 5662.757
2011 03 13 00 42 30 2 5662.758
2011 03 13 00 43 30 2 5662.756
2011 03 13 00 44 30 2 5662.754
2011 03 13 00 45 00 1 5662.755
2011 03 13 00 45 30 2 5662.755
2011 03 13 00 46 30 2 5662.754
2011 03 13 00 47 30 2 5662.748
2011 03 13 00 48 30 2 5662.748
2011 03 13 00 49 30 2 5662.744
2011 03 13 00 50 30 2 5662.742
2011 03 13 00 51 30 2 5662.743
2011 03 13 00 52 30 2 5662.740
2011 03 13 00 53 30 2 5662.736
2011 03 13 00 54 30 2 5662.732
2011 03 13 00 55 30 2 5662.728
2011 03 13 00 56 30 2 5662.724
2011 03 13 00 57 30 2 5662.720
2011 03 13 00 58 30 2 5662.718
2011 03 13 00 59 30 2 5662.713
2011 03 13 01 00 00 1 5662.711
2011 03 13 01 00 00 2 5662.712
2011 03 13 01 00 30 2 5662.712
2011 03 13 01 01 00 2 5662.714
2011 03 13 01 01 30 2 5662.714
2011 03 13 01 02 00 2 5662.707
2011 03 13 01 02 30 2 5662.707
2011 03 13 01 03 00 2 5662.705
2011 03 13 01 03 30 2 5662.705
2011 03 13 01 04 00 2 5662.702
2011 03 13 01 04 30 2 5662.702
2011 03 13 01 05 00 2 5662.700
2011 03 13 01 05 30 2 5662.700
2011 03 13 01 06 00 2 5662.697
2011 03 13 01 06 30 2 5662.697
2011 03 13 01 07 00 2 5662.698
2011 03 13 01 07 30 2 5662.698
2011 03 13 01 08 00 2 5662.698
2011 03 13 01 08 30 2 5662.698
2011 03 13 01 09 00 2 5662.693
2011 03 13 01 09 30 2 5662.693
2011 03 13 01 10 00 2 5662.688
2011 03 13 01 10 30 2 5662.688
2011 03 13 01 11 00 2 5662.687
2011 03 13 01 11 30 2 5662.687
2011 03 13 01 12 00 2 5662.689
2011 03 13 01 12 30 2 5662.689
2011 03 13 01 13 00 2 5662.686
2011 03 13 01 13 30 2 5662.686
2011 03 13 01 14 00 2 5662.683
2011 03 13 01 14 30 2 5662.683
2011 03 13 01 15 00 1 9999.000
2011 03 13 01 15 00 2 5662.683
2011 03 13 01 15 30 2 5662.683
2011 03 13 01 16 00 2 5662.685
2011 03 13 01 16 30 2 5662.685
2011 03 13 01 17 00 2 5662.684
2011 03 13 01 17 30 2 5662.684
2011 03 13 01 18 00 2 5662.679
2011 03 13 01 18 30 2 5662.679
2011 03 13 01 19 00 2 5662.675
2011 03 13 01 19 30 2 5662.675
2011 03 13 01 20 00 2 5662.672
2011 03 13 01 20 30 2 5662.672
2011 03 13 01 21 00 2 5662.673
2011 03 13 01 21 30 2 5662.673
2011 03 13 01 22 00 2 5662.666
2011 03 13 01 22 30 2 5662.666
2011 03 13 01 23 00 2 5662.662
2011 03 13 01 23 30 2 5662.662
2011 03 13 01 24 00 2 5662.664
2011 03 13 01 24 30 2 5662.664
2011 03 13 01 25 00 2 5662.663
2011 03 13 01 25 30 2 5662.663
2011 03 13 01 26 00 2 5662.661
2011 03 13 01 26 30 2 5662.661
2011 03 13 01 27 00 2 5662.662
2011 03 13 01 27 30 2 5662.662
2011 03 13 01 28 00 2 5662.667
2011 03 13 01 28 30 2 5662.667
2011 03 13 01 29 00 2 5662.663
2011 03 13 01 29 30 2 5662.663
2011 03 13 01 30 00 1 9999.000
2011 03 13 01 30 00 2 5662.655
2011 03 13 01 30 30 2 5662.655
2011 03 13 01 31 00 2 5662.658
2011 03 13 01 31 30 2 5662.658
2011 03 13 01 32 00 2 5662.653
2011 03 13 01 32 30 2 5662.653
2011 03 13 01 33 00 2 5662.652
2011 03 13 01 33 30 2 5662.652
2011 03 13 01 34 00 2 5662.647
2011 03 13 01 34 30 2 5662.647
2011 03 13 01 35 00 2 5662.645
2011 03 13 01 35 30 2 5662.645
2011 03 13 01 36 00 2 5662.646
2011 03 13 01 36 30 2 5662.646
2011 03 13 01 37 00 2 5662.636
2011 03 13 01 37 30 2 5662.636
2011 03 13 01 38 00 2 5662.631
2011 03 13 01 38 30 2 5662.631
2011 03 13 01 39 00 2 5662.634
2011 03 13 01 39 30 2 5662.634
2011 03 13 01 40 00 2 5662.629
2011 03 13 01 40 30 2 5662.629
2011 03 13 01 41 00 2 5662.629
2011 03 13 01 41 30 2 5662.629
2011 03 13 01 41 45 3 5662.628
2011 03 13 01 42 00 2 5662.616
2011 03 13 01 42 00 3 5662.626
2011 03 13 01 42 15 3 5662.598
2011 03 13 01 42 30 2 5662.616
2011 03 13 01 42 30 3 5662.635
2011 03 13 01 42 45 3 5662.605
2011 03 13 01 43 00 2 5662.615
2011 03 13 01 43 00 3 5662.608
2011 03 13 01 43 15 3 5662.615
2011 03 13 01 43 30 2 5662.615
2011 03 13 01 43 30 3 5662.619
2011 03 13 01 43 45 3 5662.619
2011 03 13 01 44 00 2 5662.619
2011 03 13 01 44 00 3 5662.610
2011 03 13 01 44 15 3 5662.623
2011 03 13 01 44 30 2 5662.619
2011 03 13 01 44 30 3 5662.622
2011 03 13 01 44 45 3 5662.622
2011 03 13 01 45 00 1 9999.000
2011 03 13 01 45 00 2 5662.616
2011 03 13 01 45 00 3 5662.606
2011 03 13 01 45 15 3 5662.634
2011 03 13 01 45 30 2 5662.616
2011 03 13 01 45 30 3 5662.610
2011 03 13 01 46 00 2 5662.621
2011 03 13 01 46 30 2 5662.621
2011 03 13 01 47 00 2 5662.621
2011 03 13 01 47 30 2 5662.621
2011 03 13 01 48 00 2 5662.615
2011 03 13 01 48 30 2 5662.615
2011 03 13 01 49 00 2 5662.617
2011 03 13 01 49 30 2 5662.617
2011 03 13 01 50 00 2 5662.602
2011 03 13 01 50 30 2 5662.602
2011 03 13 01 51 00 2 5662.591
2011 03 13 01 51 30 2 5662.591
2011 03 13 01 52 00 2 5662.591
2011 03 13 01 52 30 2 5662.591
2011 03 13 01 53 00 2 5662.588
2011 03 13 01 53 30 2 5662.588
2011 03 13 01 54 00 2 5662.591
2011 03 13 01 54 30 2 5662.591
2011 03 13 01 55 00 2 5662.584
2011 03 13 01 55 30 2 5662.584
2011 03 13 01 56 00 2 5662.583
2011 03 13 01 56 30 2 5662.583
2011 03 13 01 57 00 2 5662.576
2011 03 13 01 57 30 2 5662.576
2011 03 13 01 58 00 2 5662.580
2011 03 13 01 58 30 2 5662.580
2011 03 13 01 59 00 2 5662.575
2011 03 13 01 59 30 2 5662.575
2011 03 13 02 00 00 1 9999.000
2011 03 13 02 00 00 2 5662.570
2011 03 13 02 01 00 2 5662.497
2011 03 13 02 02 00 2 5662.565
2011 03 13 02 03 00 2 5662.567
2011 03 13 02 04 00 2 5662.556
2011 03 13 02 05 00 2 5662.552
2011 03 13 02 06 00 2 5662.550
2011 03 13 02 07 00 2 5662.544
2011 03 13 02 08 00 2 5662.545
2011 03 13 02 09 00 2 5662.539
2011 03 13 02 10 00 2 5662.539
2011 03 13 02 11 00 2 5662.540
2011 03 13 02 12 00 2 5662.539
2011 03 13 02 13 00 2 5662.537
2011 03 13 02 14 00 2 5662.537
2011 03 13 02 15 00 1 9999.000
2011 03 13 02 15 00 2 5662.533
2011 03 13 02 16 00 2 5662.534
2011 03 13 02 17 00 2 5662.531
2011 03 13 02 18 00 2 5662.531
2011 03 13 02 19 00 2 5662.530
2011 03 13 02 20 00 2 5662.531
2011 03 13 02 21 00 2 5662.536
2011 03 13 02 22 00 2 5662.536
2011 03 13 02 23 00 2 5662.536
2011 03 13 02 24 00 2 5662.541
2011 03 13 02 25 00 2 5662.547
2011 03 13 02 26 00 2 5662.548
2011 03 13 02 27 00 2 5662.546
2011 03 13 02 28 00 2 5662.550
2011 03 13 02 29 00 2 5662.547
2011 03 13 02 30 00 1 9999.000
2011 03 13 02 30 00 2 5662.548
2011 03 13 02 31 00 2 5662.545
2011 03 13 02 32 00 2 5662.540
2011 03 13 02 33 00 2 5662.530
2011 03 13 02 34 00 2 5662.528
2011 03 13 02 35 00 2 5662.529
2011 03 13 02 36 00 2 5662.517
2011 03 13 02 37 00 2 5662.512
2011 03 13 02 38 00 2 5662.512
2011 03 13 02 39 00 2 5662.510
2011 03 13 02 40 00 2 5662.505
2011 03 13 02 41 00 2 5662.503
2011 03 13 02 42 00 2 5662.500
2011 03 13 02 43 00 2 5662.497
2011 03 13 02 44 00 2 5662.495
2011 03 13 02 45 00 1 9999.000
2011 03 13 02 45 00 2 5662.483
2011 03 13 02 46 00 2 5662.484
2011 03 13 02 47 00 2 5662.479
2011 03 13 02 48 00 2 5662.478
2011 03 13 02 49 00 2 5662.472
2011 03 13 02 50 00 2 5662.471
2011 03 13 02 51 00 2 5662.469
2011 03 13 02 52 00 2 5662.469
2011 03 13 02 53 00 2 5662.475
2011 03 13 02 54 00 2 5662.474
2011 03 13 02 55 00 2 5662.471
2011 03 13 02 56 00 2 5662.466
2011 03 13 02 57 00 2 5662.461
2011 03 13 02 58 00 2 5662.457
2011 03 13 02 59 00 2 5662.448
2011 03 13 03 00 00 1 9999.000
2011 03 13 03 00 00 2 5662.444
2011 03 13 03 01 00 2 5662.438
2011 03 13 03 02 00 2 5662.440
2011 03 13 03 03 00 2 5662.435
2011 03 13 03 04 00 2 5662.430
2011 03 13 03 05 00 2 5662.432
2011 03 13 03 06 00 2 5662.432
2011 03 13 03 07 00 2 5662.425
2011 03 13 03 08 00 2 5662.425
2011 03 13 03 09 00 2 5662.423
2011 03 13 03 10 00 2 5662.423
2011 03 13 03 11 00 2 5662.422
2011 03 13 03 12 00 2 5662.422
2011 03 13 03 13 00 2 5662.420
2011 03 13 03 14 00 2 5662.418
2011 03 13 03 15 00 1 9999.000
2011 03 13 03 15 00 2 5662.422
2011 03 13 03 16 00 2 5662.420
2011 03 13 03 17 00 2 5662.415
2011 03 13 03 18 00 2 5662.414
2011 03 13 03 19 00 2 5662.413
2011 03 13 03 20 00 2 5662.411
2011 03 13 03 21 00 2 5662.405
2011 03 13 03 22 00 2 5662.399
2011 03 13 03 23 00 2 5662.395
2011 03 13 03 24 00 2 5662.393
2011 03 13 03 25 00 2 5662.387
2011 03 13 03 26 00 2 5662.383
2011 03 13 03 27 00 2 5662.385
2011 03 13 03 28 00 2 5662.384
2011 03 13 03 29 00 2 5662.380
2011 03 13 03 30 00 1 9999.000
2011 03 13 03 30 00 2 5662.378
2011 03 13 03 31 00 2 5662.371
2011 03 13 03 32 00 2 5662.367
2011 03 13 03 33 00 2 5662.364
2011 03 13 03 34 00 2 5662.361
2011 03 13 03 35 00 2 5662.357
2011 03 13 03 36 00 2 5662.357
2011 03 13 03 37 00 2 5662.354
2011 03 13 03 38 00 2 5662.351
2011 03 13 03 39 00 2 5662.347
2011 03 13 03 40 00 2 5662.345
2011 03 13 03 41 00 2 5662.345
2011 03 13 03 42 00 2 5662.346
2011 03 13 03 43 00 2 5662.349
2011 03 13 03 44 00 2 5662.347
2011 03 13 03 45 00 1 9999.000
2011 03 13 03 45 00 2 5662.354
2011 03 13 03 46 00 2 5662.358
2011 03 13 03 47 00 2 5662.361
2011 03 13 03 48 00 2 5662.359
2011 03 13 03 49 00 2 5662.361
2011 03 13 03 50 00 2 5662.359
2011 03 13 03 51 00 2 5662.356
2011 03 13 03 52 00 2 5662.356
2011 03 13 03 53 00 2 5662.352
2011 03 13 03 54 00 2 5662.349
2011 03 13 03 55 00 2 5662.342
2011 03 13 03 56 00 2 5662.333
2011 03 13 03 57 00 2 5662.325
2011 03 13 03 58 00 2 5662.317
2011 03 13 03 59 00 2 5662.313
2011 03 13 04 00 00 1 9999.000
2011 03 13 04 00 00 2 5662.313
2011 03 13 04 01 00 2 5662.308
2011 03 13 04 02 00 2 5662.304
2011 03 13 04 03 00 2 5662.301
2011 03 13 04 04 00 2 5662.295
2011 03 13 04 05 00 2 5662.297
2011 03 13 04 06 00 2 5662.298
2011 03 13 04 07 00 2 5662.292
2011 03 13 04 08 00 2 5662.291
2011 03 13 04 09 00 2 5662.294
2011 03 13 04 10 00 2 5662.299
2011 03 13 04 11 00 2 5662.298
2011 03 13 04 12 00 2 5662.302
2011 03 13 04 13 00 2 5662.303
2011 03 13 04 14 00 2 5662.301
2011 03 13 04 15 00 1 9999.000
2011 03 13 04 15 00 2 5662.303
2011 03 13 04 16 00 2 5662.304
2011 03 13 04 17 00 2 5662.302
2011 03 13 04 18 00 2 5662.299
2011 03 13 04 19 00 2 5662.294
2011 03 13 04 20 00 2 5662.285
2011 03 13 04 21 00 2 5662.281
2011 03 13 04 22 00 2 5662.282
2011 03 13 04 23 00 2 5662.286
2011 03 13 04 24 00 2 5662.284
2011 03 13 04 25 00 2 5662.283
2011 03 13 04 26 00 2 5662.280
2011 03 13 04 27 00 2 5662.274
2011 03 13 04 28 00 2 5662.269
2011 03 13 04 29 00 2 5662.265
2011 03 13 04 30 00 1 9999.000
2011 03 13 04 30 00 2 5662.261
2011 03 13 04 31 00 2 5662.261
2011 03 13 04 32 00 2 5662.259
2011 03 13 04 33 00 2 5662.259
2011 03 13 04 34 00 2 5662.260
2011 03 13 04 35 00 2 5662.257
2011 03 13 04 36 00 2 5662.257
2011 03 13 04 37 00 2 5662.262
2011 03 13 04 38 00 2 5662.267
2011 03 13 04 39 00 2 5662.265
2011 03 13 04 40 00 2 5662.267
2011 03 13 04 41 00 2 5662.274
2011 03 13 04 42 00 2 5662.277
2011 03 13 04 43 00 2 5662.275
2011 03 13 04 44 00 2 5662.280
2011 03 13 04 45 00 1 9999.000
2011 03 13 04 45 00 2 5662.284
2011 03 13 04 46 00 2 5662.288
2011 03 13 04 47 00 2 5662.295
2011 03 13 04 48 00 2 5662.299
2011 03 13 04 49 00 2 5662.298
2011 03 13 04 50 00 2 5662.296
2011 03 13 04 51 00 2 5662.294
2011 03 13 04 52 00 2 5662.290
2011 03 13 04 53 00 2 5662.284
2011 03 13 04 54 00 2 5662.280
2011 03 13 04 55 00 2 5662.278
2011 03 13 04 56 00 2 5662.274
2011 03 13 04 57 00 2 5662.270
2011 03 13 04 58 00 2 5662.268
2011 03 13 04 59 00 2 5662.265
2011 03 13 05 00 00 1 9999.000
2011 03 13 05 00 00 2 5662.264
2011 03 13 05 01 00 2 5662.262
2011 03 13 05 02 00 2 5662.262
2011 03 13 05 03 00 2 5662.255
2011 03 13 05 04 00 2 5662.215
2011 03 13 05 05 00 2 5662.253
2011 03 13 05 06 00 2 5662.251
2011 03 13 05 07 00 2 5662.247
2011 03 13 05 08 00 2 5662.249
2011 03 13 05 09 00 2 5662.251
2011 03 13 05 10 00 2 5662.252
2011 03 13 05 11 00 2 5662.255
2011 03 13 05 12 00 2 5662.257
2011 03 13 05 13 00 2 5662.258
2011 03 13 05 14 00 2 5662.260
2011 03 13 05 15 00 1 9999.000
2011 03 13 05 15 00 2 5662.259
2011 03 13 05 16 00 2 5662.259
2011 03 13 05 17 00 2 5662.258
2011 03 13 05 18 00 2 5662.258
2011 03 13 05 19 00 2 5662.258
2011 03 13 05 20 00 2 5662.255
2011 03 13 05 21 00 2 5662.256
2011 03 13 05 22 00 2 5662.255
2011 03 13 05 23 00 2 5662.260
2011 03 13 05 24 00 2 5662.262
2011 03 13 05 25 00 2 5662.262
2011 03 13 05 26 00 2 5662.259
2011 03 13 05 27 00 2 5662.258
2011 03 13 05 28 00 2 5662.257
2011 03 13 05 29 00 2 5662.253
2011 03 13 05 30 00 1 9999.000
2011 03 13 05 30 00 2 5662.251
2011 03 13 05 31 00 2 5662.251
2011 03 13 05 32 00 2 5662.249
2011 03 13 05 33 00 2 5662.247
2011 03 13 05 34 00 2 5662.244
2011 03 13 05 35 00 2 5662.243
2011 03 13 05 36 00 2 5662.244
2011 03 13 05 37 00 2 5662.243
2011 03 13 05 38 00 2 5662.244
2011 03 13 05 39 00 2 5662.248
2011 03 13 05 40 00 2 5662.249
2011 03 13 05 41 00 2 5662.251
2011 03 13 05 42 00 2 5662.257
2011 03 13 05 43 00 2 5662.264
2011 03 13 05 44 00 2 5662.270
2011 03 13 05 45 00 1 9999.000
2011 03 13 05 45 00 2 5662.272
2011 03 13 05 46 00 2 5662.272
2011 03 13 05 47 00 2 5662.277
2011 03 13 05 48 00 2 5662.285
2011 03 13 05 49 00 2 5662.285
2011 03 13 05 50 00 2 5662.282
2011 03 13 05 51 00 2 5662.282
2011 03 13 05 52 00 2 5662.284
2011 03 13 05 53 00 2 5662.283
2011 03 13 05 54 00 2 5662.286
2011 03 13 05 55 00 2 5662.287
2011 03 13 05 56 00 2 5662.288
2011 03 13 05 57 00 2 5662.288
2011 03 13 05 58 00 2 5662.289
2011 03 13 05 59 00 2 5662.292
2011 03 13 06 00 00 1 9999.000
2011 03 13 06 15 00 1 5662.272
2011 03 13 06 30 00 1 5662.278
2011 03 13 06 45 00 1 5662.283
2011 03 13 07 00 00 1 5662.309
2011 03 13 07 15 00 1 5662.305
2011 03 13 07 30 00 1 5662.340
2011 03 13 07 45 00 1 5662.322
2011 03 13 08 00 00 1 5662.350
2011 03 13 08 15 00 1 5662.353
2011 03 13 08 30 00 1 5662.387
2011 03 13 08 45 00 1 5662.400
2011 03 13 09 00 00 1 5662.431
2011 03 13 09 15 00 1 5662.448
2011 03 13 09 30 00 1 5662.459
2011 03 13 09 45 00 1 5662.506
2011 03 13 10 00 00 1 5662.509
2011 03 13 10 15 00 1 5662.567
2011 03 13 10 30 00 1 5662.543
2011 03 13 10 45 00 1 5662.576
2011 03 13 11 00 00 1 5662.585
2011 03 13 11 15 00 1 5662.608
2011 03 13 11 30 00 1 5662.606
2011 03 13 11 45 00 1 5662.627
2011 03 13 12 00 00 1 5662.617
2011 03 13 12 15 00 1 5662.645
2011 03 13 12 30 00 1 5662.650
2011 03 13 12 45 00 1 5662.668
2011 03 13 13 00 00 1 5662.667
2011 03 13 13 15 00 1 5662.694
2011 03 13 13 30 00 1 5662.697
2011 03 13 13 45 00 1 5662.690
2011 03 13 14 00 00 1 5662.722
2011 03 13 14 15 00 1 5662.709
2011 03 13 14 30 00 1 5662.713
2011 03 13 14 45 00 1 5662.714
2011 03 13 15 00 00 1 5662.715
2011 03 13 15 15 00 1 5662.730
2011 03 13 15 30 00 1 5662.727
2011 03 13 15 45 00 1 5662.750
2011 03 13 16 00 00 1 5662.747
2011 03 13 16 15 00 1 5662.758
2011 03 13 16 30 00 1 5662.753
2011 03 13 16 45 00 1 5662.758
2011 03 13 17 00 00 1 5662.770
2011 03 13 17 15 00 1 5662.785
2011 03 13 17 30 00 1 5662.800
2011 03 13 17 45 00 1 5662.787
2011 03 13 18 00 00 1 5662.823
2011 03 13 18 15 00 1 5662.847
2011 03 13 18 30 00 1 5662.839
2011 03 13 18 45 00 1 5662.848
2011 03 13 19 00 00 1 5662.862
2011 03 13 19 15 00 1 5662.888
2011 03 13 19 30 00 1 5662.905
2011 03 13 19 45 00 1 5662.905
2011 03 13 20 00 00 1 5662.919
2011 03 13 20 15 00 1 5662.927
2011 03 13 20 30 00 1 5662.947
2011 03 13 20 45 00 1 5662.952
2011 03 13 21 00 00 1 5662.971
2011 03 13 21 15 00 1 5662.960
2011 03 13 21 30 00 1 5662.966
2011 03 13 21 45 00 1 5662.979
2011 03 13 22 00 00 1 5662.959
2011 03 13 22 15 00 1 5662.967
2011 03 13 22 30 00 1 5662.973
2011 03 13 22 45 00 1 5662.949
2011 03 13 23 00 00 1 5662.938
2011 03 13 23 15 00 1 5662.931
2011 03 13 23 30 00 1 5662.923
2011 03 13 23 45 00 1 5662.905
2011 03 14 00 00 00 1 5662.881
2011 03 14 00 15 00 1 5662.881
2011 03 14 00 30 00 1 5662.827
2011 03 14 00 45 00 1 5662.821
2011 03 14 01 00 00 1 5662.793
2011 03 14 01 15 00 1 5662.779
2011 03 14 01 30 00 1 5662.768
2011 03 14 01 45 00 1 5662.733
2011 03 14 02 00 00 1 5662.706
2011 03 14 02 15 00 1 5662.672
2011 03 14 02 30 00 1 5662.647
2011 03 14 02 45 00 1 5662.599
2011 03 14 03 00 00 1 5662.582
2011 03 14 03 15 00 1 5662.550
2011 03 14 03 30 00 1 5662.517
2011 03 14 03 45 00 1 5662.483
2011 03 14 04 00 00 1 5662.465
2011 03 14 04 15 00 1 5662.437
2011 03 14 04 30 00 1 5662.414
2011 03 14 04 45 00 1 5662.394
2011 03 14 05 00 00 1 5662.372
2011 03 14 05 00 00 2 5662.371
2011 03 14 05 01 00 2 5662.368
2011 03 14 05 02 00 2 5662.369
2011 03 14 05 03 00 2 5662.369
2011 03 14 05 04 00 2 5662.370
2011 03 14 05 05 00 2 5662.372
2011 03 14 05 06 00 2 5662.372
2011 03 14 05 07 00 2 5662.371
2011 03 14 05 08 00 2 5662.370
2011 03 14 05 09 00 2 5662.367
2011 03 14 05 10 00 2 5662.366
2011 03 14 05 11 00 2 5662.364
2011 03 14 05 12 00 2 5662.364
2011 03 14 05 13 00 2 5662.364
2011 03 14 05 14 00 2 5662.361
2011 03 14 05 15 00 1 5662.359
2011 03 14 05 15 00 2 5662.359
2011 03 14 05 16 00 2 5662.357
2011 03 14 05 17 00 2 5662.352
2011 03 14 05 18 00 2 5662.349
2011 03 14 05 19 00 2 5662.348
2011 03 14 05 20 00 2 5662.347
2011 03 14 05 21 00 2 5662.346
2011 03 14 05 22 00 2 5662.343
2011 03 14 05 23 00 2 5662.341
2011 03 14 05 24 00 2 5662.339
2011 03 14 05 25 00 2 5662.337
2011 03 14 05 26 00 2 5662.337
2011 03 14 05 27 00 2 5662.335
2011 03 14 05 28 00 2 5662.336
2011 03 14 05 29 00 2 5662.336
2011 03 14 05 30 00 1 5662.336
2011 03 14 05 30 00 2 5662.337
2011 03 14 05 31 00 2 5662.336
2011 03 14 05 32 00 2 5662.336
2011 03 14 05 33 00 2 5662.335
2011 03 14 05 34 00 2 5662.332
2011 03 14 05 35 00 2 5662.329
2011 03 14 05 36 00 2 5662.330
2011 03 14 05 37 00 2 5662.328
2011 03 14 05 38 00 2 5662.327
2011 03 14 05 39 00 2 5662.324
2011 03 14 05 40 00 2 5662.322
2011 03 14 05 41 00 2 5662.320
2011 03 14 05 42 00 2 5662.317
2011 03 14 05 43 00 2 5662.315
2011 03 14 05 44 00 2 5662.312
2011 03 14 05 45 00 1 5662.311
2011 03 14 05 45 00 2 5662.310
2011 03 14 05 46 00 2 5662.310
2011 03 14 05 47 00 2 5662.310
2011 03 14 05 48 00 2 5662.307
2011 03 14 05 49 00 2 5662.305
2011 03 14 05 50 00 2 5662.306
2011 03 14 05 51 00 2 5662.306
2011 03 14 05 52 00 2 5662.305
2011 03 14 05 53 00 2 5662.304
2011 03 14 05 54 00 2 5662.307
2011 03 14 05 55 00 2 5662.307
2011 03 14 05 56 00 2 5662.307
2011 03 14 05 57 00 2 5662.309
2011 03 14 05 58 00 2 5662.310
2011 03 14 05 59 00 2 5662.311
2011 03 14 06 00 00 1 5662.311
2011 03 14 06 00 00 2 5662.311
2011 03 14 06 01 00 2 5662.311
2011 03 14 06 02 00 2 5662.311
2011 03 14 06 03 00 2 5662.311
2011 03 14 06 04 00 2 5662.309
2011 03 14 06 05 00 2 5662.309
2011 03 14 06 06 00 2 5662.309
2011 03 14 06 07 00 2 5662.308
2011 03 14 06 08 00 2 5662.307
2011 03 14 06 09 00 2 5662.306
2011 03 14 06 10 00 2 5662.304
2011 03 14 06 11 00 2 5662.303
2011 03 14 06 12 00 2 5662.301
2011 03 14 06 13 00 2 5662.298
2011 03 14 06 14 00 2 5662.297
2011 03 14 06 15 00 1 9999.000
2011 03 14 06 15 00 2 5662.295
2011 03 14 06 16 00 2 5662.291
2011 03 14 06 17 00 2 5662.291
2011 03 14 06 18 00 2 5662.291
2011 03 14 06 19 00 2 5662.290
2011 03 14 06 20 00 2 5662.289
2011 03 14 06 21 00 2 5662.286
2011 03 14 06 21 15 3 5662.274
2011 03 14 06 21 30 3 5662.311
2011 03 14 06 21 45 3 5662.260
2011 03 14 06 22 00 2 5662.291
2011 03 14 06 22 00 3 5662.298
2011 03 14 06 22 15 3 5662.310
2011 03 14 06 22 30 3 5662.272
2011 03 14 06 22 45 3 5662.285
2011 03 14 06 23 00 2 5662.293
2011 03 14 06 23 00 3 5662.298
2011 03 14 06 23 15 3 5662.296
2011 03 14 06 23 30 3 5662.290
2011 03 14 06 23 45 3 5662.287
2011 03 14 06 24 00 2 5662.290
2011 03 14 06 24 00 3 5662.292
2011 03 14 06 24 15 3 5662.291
2011 03 14 06 24 30 3 5662.292
2011 03 14 06 24 45 3 5662.286
2011 03 14 06 25 00 2 5662.293
2011 03 14 06 25 00 3 5662.294
2011 03 14 06 26 00 2 5662.292
2011 03 14 06 27 00 2 5662.291
2011 03 14 06 28 00 2 5662.293
2011 03 14 06 29 00 2 5662.294
2011 03 14 06 30 00 1 9999.000
2011 03 14 06 30 00 2 5662.291
2011 03 14 06 31 00 2 5662.294
2011 03 14 06 32 00 2 5662.290
2011 03 14 06 33 00 2 5662.291
2011 03 14 06 34 00 2 5662.290
2011 03 14 06 35 00 2 5662.289
2011 03 14 06 36 00 2 5662.289
2011 03 14 06 37 00 2 5662.286
2011 03 14 06 38 00 2 5662.285
2011 03 14 06 39 00 2 5662.286
2011 03 14 06 40 00 2 5662.286
2011 03 14 06 41 00 2 5662.285
2011 03 14 06 42 00 2 5662.285
2011 03 14 06 43 00 2 5662.283
2011 03 14 06 44 00 2 5662.281
2011 03 14 06 45 00 1 9999.000
2011 03 14 06 45 00 2 5662.280
2011 03 14 06 46 00 2 5662.279
2011 03 14 06 47 00 2 5662.279
2011 03 14 06 48 00 2 5662.277
2011 03 14 06 49 00 2 5662.277
2011 03 14 06 50 00 2 5662.277
2011 03 14 06 51 00 2 5662.277
2011 03 14 06 52 00 2 5662.277
2011 03 14 06 53 00 2 5662.276
2011 03 14 06 54 00 2 5662.274
2011 03 14 06 55 00 2 5662.274
2011 03 14 06 56 00 2 5662.273
2011 03 14 06 57 00 2 5662.271
2011 03 14 06 58 00 2 5662.271
2011 03 14 06 59 00 2 5662.270
2011 03 14 07 00 00 1 9999.000
2011 03 14 07 00 00 2 5662.268
2011 03 14 07 01 00 2 5662.266
2011 03 14 07 02 00 2 5662.266
2011 03 14 07 03 00 2 5662.267
2011 03 14 07 04 00 2 5662.265
2011 03 14 07 05 00 2 5662.265
2011 03 14 07 06 00 2 5662.264
2011 03 14 07 07 00 2 5662.263
2011 03 14 07 08 00 2 5662.266
2011 03 14 07 09 00 2 5662.265
2011 03 14 07 10 00 2 5662.232
2011 03 14 07 11 00 2 5662.268
2011 03 14 07 12 00 2 5662.266
2011 03 14 07 13 00 2 5662.265
2011 03 14 07 14 00 2 5662.263
2011 03 14 07 15 00 1 9999.000
2011 03 14 07 15 00 2 5662.261
2011 03 14 07 16 00 2 5662.264
2011 03 14 07 17 00 2 5662.261
2011 03 14 07 18 00 2 5662.227
2011 03 14 07 19 00 2 5662.264
2011 03 14 07 20 00 2 5662.265
2011 03 14 07 21 00 2 5662.266
2011 03 14 07 22 00 2 5662.268
2011 03 14 07 23 00 2 5662.270
2011 03 14 07 24 00 2 5662.268
2011 03 14 07 25 00 2 5662.268
2011 03 14 07 26 00 2 5661.501
2011 03 14 07 27 00 2 5662.271
2011 03 14 07 28 00 2 5662.270
2011 03 14 07 29 00 2 5662.272
2011 03 14 07 30 00 1 9999.000
2011 03 14 07 30 00 2 5662.273
2011 03 14 07 31 00 2 5662.274
2011 03 14 07 32 00 2 5662.272
2011 03 14 07 33 00 2 5661.468
2011 03 14 07 34 00 2 5662.236
2011 03 14 07 35 00 2 5662.271
2011 03 14 07 36 00 2 5662.269
2011 03 14 07 37 00 2 5662.270
2011 03 14 07 38 00 2 5662.269
2011 03 14 07 39 00 2 5662.271
2011 03 14 07 40 00 2 5662.271
2011 03 14 07 41 00 2 5662.270
2011 03 14 07 42 00 2 5662.271
2011 03 14 07 43 00 2 5662.272
2011 03 14 07 44 00 2 5662.272
2011 03 14 07 45 00 1 9999.000
2011 03 14 07 45 00 2 5662.274
2011 03 14 07 46 00 2 5662.274
2011 03 14 07 47 00 2 5662.276
2011 03 14 07 48 00 2 5662.276
2011 03 14 07 49 00 2 5662.274
2011 03 14 07 50 00 2 5662.273
2011 03 14 07 51 00 2 5662.274
2011 03 14 07 52 00 2 5662.273
2011 03 14 07 53 00 2 5662.273
2011 03 14 07 54 00 2 5662.272
2011 03 14 07 55 00 2 5662.273
2011 03 14 07 56 00 2 5662.272
2011 03 14 07 57 00 2 5662.274
2011 03 14 07 58 00 2 5662.275
2011 03 14 07 59 00 2 5662.276
2011 03 14 08 00 00 1 9999.000
2011 03 14 08 00 00 2 5662.277
2011 03 14 08 01 00 2 5662.276
2011 03 14 08 02 00 2 5662.279
2011 03 14 08 03 00 2 5662.279
2011 03 14 08 04 00 2 5661.545
2011 03 14 08 05 00 2 5662.244
2011 03 14 08 06 00 2 5661.304
2011 03 14 08 07 00 2 5662.279
2011 03 14 08 08 00 2 5662.283
2011 03 14 08 09 00 2 5662.281
2011 03 14 08 10 00 2 5662.281
2011 03 14 08 11 00 2 5662.280
2011 03 14 08 12 00 2 5662.279
2011 03 14 08 13 00 2 5662.278
2011 03 14 08 14 00 2 5662.279
2011 03 14 08 15 00 1 9999.000
2011 03 14 08 15 00 2 5662.280
2011 03 14 08 16 00 2 5662.282
2011 03 14 08 17 00 2 5662.283
2011 03 14 08 18 00 2 5662.285
2011 03 14 08 19 00 2 5662.286
2011 03 14 08 20 00 2 5662.288
2011 03 14 08 21 00 2 5662.289
2011 03 14 08 22 00 2 5661.279
2011 03 14 08 23 00 2 5662.291
2011 03 14 08 24 00 2 5662.292
2011 03 14 08 25 00 2 5662.297
2011 03 14 08 26 00 2 5662.299
2011 03 14 08 27 00 2 5662.299
2011 03 14 08 28 00 2 5662.299
2011 03 14 08 29 00 2 5662.299
2011 03 14 08 30 00 1 9999.000
2011 03 14 08 30 00 2 5662.300
2011 03 14 08 31 00 2 5662.300
2011 03 14 08 32 00 2 5662.299
2011 03 14 08 33 00 2 5662.302
2011 03 14 08 34 00 2 5662.301
2011 03 14 08 35 00 2 5662.303
2011 03 14 08 36 00 2 5662.303
2011 03 14 08 37 00 2 5662.301
2011 03 14 08 38 00 2 5662.300
2011 03 14 08 39 00 2 5662.300
2011 03 14 08 40 00 2 5662.300
2011 03 14 08 41 00 2 5662.300
2011 03 14 08 42 00 2 5662.300
2011 03 14 08 43 00 2 5662.301
2011 03 14 08 44 00 2 5662.301
2011 03 14 08 45 00 1 9999.000
2011 03 14 08 45 00 2 5662.301
2011 03 14 08 46 00 2 5662.301
2011 03 14 08 47 00 2 5662.303
2011 03 14 08 48 00 2 5662.304
2011 03 14 08 49 00 2 5662.304
2011 03 14 08 50 00 2 5662.304
2011 03 14 08 51 00 2 5662.306
2011 03 14 08 52 00 2 5662.307
2011 03 14 08 53 00 2 5662.306
2011 03 14 08 54 00 2 5661.120
2011 03 14 08 55 00 2 5662.307
2011 03 14 08 56 00 2 5662.307
2011 03 14 08 57 00 2 5662.308
2011 03 14 08 58 00 2 5662.309
2011 03 14 08 59 00 2 5662.309
2011 03 14 09 00 00 1 9999.000
2011 03 14 09 00 00 2 5662.311
2011 03 14 09 01 00 2 5662.242
2011 03 14 09 02 00 2 5662.317
2011 03 14 09 03 00 2 5662.320
2011 03 14 09 04 00 2 5662.321
2011 03 14 09 05 00 2 5662.328
2011 03 14 09 06 00 2 5662.329
2011 03 14 09 07 00 2 5661.562
2011 03 14 09 08 00 2 5662.333
2011 03 14 09 09 00 2 5661.464
2011 03 14 09 10 00 2 5661.116
2011 03 14 09 11 00 2 5662.341
2011 03 14 09 12 00 2 5662.344
2011 03 14 09 13 00 2 5662.346
2011 03 14 09 14 00 2 5662.349
2011 03 14 09 15 00 1 9999.000
2011 03 14 09 15 00 2 5662.350
2011 03 14 09 16 00 2 5662.351
2011 03 14 09 17 00 2 5662.351
2011 03 14 09 18 00 2 5662.352
2011 03 14 09 19 00 2 5662.351
2011 03 14 09 20 00 2 5662.352
2011 03 14 09 21 00 2 5662.352
2011 03 14 09 22 00 2 5662.350
2011 03 14 09 23 00 2 5662.350
2011 03 14 09 24 00 2 5662.351
2011 03 14 09 25 00 2 5661.409
2011 03 14 09 26 00 2 5660.816
2011 03 14 09 27 00 2 5662.352
2011 03 14 09 28 00 2 5662.350
2011 03 14 09 29 00 2 5662.349
2011 03 14 09 30 00 1 9999.000
2011 03 14 09 30 00 2 5662.349
2011 03 14 09 31 00 2 5662.349
2011 03 14 09 32 00 2 5662.348
2011 03 14 09 33 00 2 5662.348
2011 03 14 09 34 00 2 5662.349
2011 03 14 09 35 00 2 5662.350
2011 03 14 09 36 00 2 5662.352
2011 03 14 09 37 00 2 5662.354
2011 03 14 09 38 00 2 5662.357
2011 03 14 09 39 00 2 5662.358
2011 03 14 09 40 00 2 5662.361
2011 03 14 09 41 00 2 5662.364
2011 03 14 09 42 00 2 5662.365
2011 03 14 09 43 00 2 5662.368
2011 03 14 09 44 00 2 5662.370
2011 03 14 09 45 00 1 9999.000
2011 03 14 09 45 00 2 5662.372
2011 03 14 09 46 00 2 5662.376
2011 03 14 09 47 00 2 5662.378
2011 03 14 09 48 00 2 5662.380
2011 03 14 09 49 00 2 5662.383
2011 03 14 09 50 00 2 5662.384
2011 03 14 09 51 00 2 5662.387
2011 03 14 09 52 00 2 5662.388
2011 03 14 09 53 00 2 5662.388
2011 03 14 09 54 00 2 5662.389
2011 03 14 09 55 00 2 5662.389
2011 03 14 09 56 00 2 5662.388
2011 03 14 09 57 00 2 5662.389
2011 03 14 09 58 00 2 5662.389
2011 03 14 09 59 00 2 5662.387
2011 03 14 10 00 00 1 9999.000
2011 03 14 10 15 00 1 5662.404
2011 03 14 10 30 00 1 5662.427
2011 03 14 10 45 00 1 5662.448
2011 03 14 11 00 00 1 5662.465
2011 03 14 11 15 00 1 5662.486
2011 03 14 11 30 00 1 5662.506
2011 03 14 11 45 00 1 5662.536
2011 03 14 12 00 00 1 5662.556
2011 03 14 12 15 00 1 5662.575
2011 03 14 12 30 00 1 5662.583
2011 03 14 12 45 00 1 5662.612
2011 03 14 13 00 00 1 5662.622
2011 03 14 13 15 00 1 5662.634
2011 03 14 13 30 00 1 5662.658
2011 03 14 13 45 00 1 5662.679
2011 03 14 14 00 00 1 5662.687
2011 03 14 14 15 00 1 5662.699
2011 03 14 14 30 00 1 5662.716
2011 03 14 14 45 00 1 5662.736
2011 03 14 15 00 00 1 5662.743
2011 03 14 15 15 00 1 5662.765
2011 03 14 15 30 00 1 5662.762
2011 03 14 15 45 00 1 5662.773
2011 03 14 16 00 00 1 5662.783
2011 03 14 16 15 00 1 5662.800
2011 03 14 16 30 00 1 5662.794
2011 03 14 16 45 00 1 5662.804
2011 03 14 17 00 00 1 5662.803
2011 03 14 17 15 00 1 5662.810
2011 03 14 17 30 00 1 5662.813
2011 03 14 17 45 00 1 5662.817
2011 03 14 18 00 00 1 5662.824
2011 03 14 18 15 00 1 5662.826
2011 03 14 18 30 00 1 5662.833
2011 03 14 18 45 00 1 5662.840
2011 03 14 19 00 00 1 5662.846
2011 03 14 19 15 00 1 5662.855
2011 03 14 19 30 00 1 5662.864
2011 03 14 19 45 00 1 5662.875
2011 03 14 20 00 00 1 5662.867
2011 03 14 20 15 00 1 5662.879
2011 03 14 20 30 00 1 5662.895
2011 03 14 20 45 00 1 5662.896
2011 03 14 21 00 00 1 5662.897
2011 03 14 21 15 00 1 5662.906
2011 03 14 21 30 00 1 5662.905
2011 03 14 21 45 00 1 5662.916
2011 03 14 22 00 00 1 5662.917
2011 03 14 22 15 00 1 5662.908
2011 03 14 22 30 00 1 5662.904
2011 03 14 22 45 00 1 5662.907
2011 03 14 23 00 00 1 5662.912
2011 03 14 23 15 00 1 5662.894
2011 03 14 23 30 00 1 5662.889
2011 03 14 23 45 00 1 5662.884
