#YY  MM DD hh mm ss T   HEIGHT
#yr  mo dy hr mn  s -        m
2011 03 14 18 00 00 1 5292.587
2011 03 14 17 45 00 1 5292.579
2011 03 14 17 30 00 1 5292.563
2011 03 14 17 15 00 1 5292.561
2011 03 14 17 00 00 1 5292.550
2011 03 14 16 45 00 1 5292.535
2011 03 14 16 30 00 1 5292.528
2011 03 14 16 15 00 1 5292.533
2011 03 14 16 00 00 1 5292.515
2011 03 14 15 45 00 1 5292.516
2011 03 14 15 30 00 1 5292.513
2011 03 14 15 15 00 1 5292.492
2011 03 14 15 00 00 1 5292.486
2011 03 14 14 45 00 1 5292.473
2011 03 14 14 30 00 1 5292.456
2011 03 14 14 15 00 1 5292.439
2011 03 14 14 00 00 1 5292.424
2011 03 14 13 45 00 1 5292.405
2011 03 14 13 30 00 1 5292.403
2011 03 14 13 15 00 1 5292.391
2011 03 14 13 00 00 1 5292.369
2011 03 14 12 45 00 1 5292.351
2011 03 14 12 30 00 1 5292.339
2011 03 14 12 15 00 1 5292.305
2011 03 14 12 00 00 1 5292.292
2011 03 14 11 45 00 1 5292.269
2011 03 14 11 30 00 1 5292.244
2011 03 14 11 15 00 1 5292.231
2011 03 14 11 00 00 1 5292.206
2011 03 14 10 45 00 1 5292.175
2011 03 14 10 30 00 1 5292.146
2011 03 14 10 15 00 1 5292.129
2011 03 14 10 00 00 1 5292.095
2011 03 14 09 45 00 1 5292.077
2011 03 14 09 30 00 1 5292.045
2011 03 14 09 15 00 1 5292.026
2011 03 14 09 00 00 1 5291.996
2011 03 14 08 45 00 1 5291.970
2011 03 14 08 30 00 1 5291.948
2011 03 14 08 15 00 1 5291.930
2011 03 14 08 00 00 1 5291.916
2011 03 14 07 45 00 1 5291.889
2011 03 14 07 30 00 1 5291.887
2011 03 14 07 15 00 1 5291.869
2011 03 14 07 00 00 1 5291.868
2011 03 14 06 45 00 1 5291.849
2011 03 14 06 30 00 1 5291.840
2011 03 14 06 15 00 1 5291.847
2011 03 14 06 00 00 1 5291.846
2011 03 14 05 45 00 1 5291.856
2011 03 14 05 30 00 1 5291.856
2011 03 14 05 15 00 1 5291.869
2011 03 14 05 00 00 1 5291.889
2011 03 14 04 45 00 1 5291.896
2011 03 14 04 30 00 1 5291.916
2011 03 14 04 15 00 1 5291.937
2011 03 14 04 00 00 1 5291.965
2011 03 14 03 45 00 1 5291.990
2011 03 14 03 30 00 1 5292.007
2011 03 14 03 15 00 1 5292.042
2011 03 14 03 00 00 1 5292.090
2011 03 14 02 45 00 1 5292.129
2011 03 14 02 30 00 1 5292.155
2011 03 14 02 15 00 1 5292.187
2011 03 14 02 00 00 1 5292.231
2011 03 14 01 45 00 1 5292.272
2011 03 14 01 30 00 1 5292.315
2011 03 14 01 15 00 1 5292.356
2011 03 14 01 00 00 1 5292.377
2011 03 14 00 45 00 1 5292.430
2011 03 14 00 30 00 1 5292.458
2011 03 14 00 15 00 1 5292.493
2011 03 14 00 00 00 1 5292.526
2011 03 13 23 45 00 1 5292.555
2011 03 13 23 30 00 1 5292.590
2011 03 13 23 15 00 1 5292.607
2011 03 13 23 00 00 1 5292.640
2011 03 13 22 45 00 1 5292.659
2011 03 13 22 30 00 1 5292.685
2011 03 13 22 15 00 1 5292.700
2011 03 13 22 00 00 1 5292.713
2011 03 13 21 45 00 1 5292.719
2011 03 13 21 30 00 1 5292.740
2011 03 13 21 15 00 1 5292.731
2011 03 13 21 00 00 1 5292.730
2011 03 13 20 45 00 1 5292.747
2011 03 13 20 30 00 1 5292.725
2011 03 13 20 15 00 1 5292.722
2011 03 13 20 00 00 1 5292.713
2011 03 13 19 45 00 1 5292.706
2011 03 13 19 30 00 1 5292.697
2011 03 13 19 15 00 1 5292.697
2011 03 13 19 00 00 1 5292.680
2011 03 13 18 45 00 1 5292.656
2011 03 13 18 30 00 1 5292.648
2011 03 13 18 15 00 1 5292.644
2011 03 13 18 00 00 1 5292.622
2011 03 13 17 45 00 1 5292.603
2011 03 13 17 30 00 1 5292.595
2011 03 13 17 15 00 1 5292.573
2011 03 13 17 00 00 1 5292.577
2011 03 13 16 45 00 1 5292.551
2011 03 13 16 30 00 1 5292.541
2011 03 13 16 15 00 1 5292.541
2011 03 13 16 00 00 1 5292.516
2011 03 13 15 45 00 1 5292.505
2011 03 13 15 30 00 1 5292.506
2011 03 13 15 15 00 1 5292.502
2011 03 13 15 00 00 1 5292.487
2011 03 13 14 45 00 1 5292.484
2011 03 13 14 30 00 1 5292.489
2011 03 13 14 15 00 1 5292.468
2011 03 13 14 00 00 1 5292.457
2011 03 13 13 45 00 1 5292.432
2011 03 13 13 30 00 1 5292.429
2011 03 13 13 15 00 1 5292.430
2011 03 13 13 00 00 1 5292.437
2011 03 13 12 45 00 1 5292.414
2011 03 13 12 30 00 1 5292.396
2011 03 13 12 15 00 1 5292.413
2011 03 13 12 00 00 1 5292.396
2011 03 13 11 45 00 1 5292.381
2011 03 13 11 30 00 1 5292.353
2011 03 13 11 15 00 1 5292.373
2011 03 13 11 00 00 1 5292.342
2011 03 13 10 45 00 1 5292.322
2011 03 13 10 30 00 1 5292.301
2011 03 13 10 15 00 1 5292.287
2011 03 13 10 00 00 1 5292.258
2011 03 13 09 45 00 1 5292.222
2011 03 13 09 30 00 1 5292.196
2011 03 13 09 15 00 1 5292.170
2011 03 13 09 00 00 1 5292.168
2011 03 13 08 45 00 1 5292.145
2011 03 13 08 30 00 1 5292.088
2011 03 13 08 15 00 1 5292.071
2011 03 13 08 00 00 1 5292.064
2011 03 13 07 45 00 1 5292.013
2011 03 13 07 30 00 1 5291.998
2011 03 13 07 15 00 1 5291.958
2011 03 13 07 00 00 1 5291.933
2011 03 13 06 45 00 1 5291.941
2011 03 13 06 30 00 1 5291.905
2011 03 13 06 15 00 1 5291.884
2011 03 13 05 59 00 2 5291.873
2011 03 13 05 58 00 2 5291.873
2011 03 13 05 57 00 2 5291.870
2011 03 13 05 56 00 2 5291.867
2011 03 13 05 55 00 2 5291.871
2011 03 13 05 54 00 2 5291.874
2011 03 13 05 53 00 2 5291.870
2011 03 13 05 52 00 2 5291.869
2011 03 13 05 51 00 2 5291.870
2011 03 13 05 50 00 2 5291.873
2011 03 13 05 49 00 2 5291.875
2011 03 13 05 48 00 2 5291.880
2011 03 13 05 47 00 2 5291.884
2011 03 13 05 46 00 2 5291.887
2011 03 13 05 45 00 2 5291.890
2011 03 13 05 44 00 2 5291.891
2011 03 13 05 43 00 2 5291.890
2011 03 13 05 42 00 2 5291.883
2011 03 13 05 41 00 2 5291.879
2011 03 13 05 40 00 2 5291.878
2011 03 13 05 39 00 2 5291.873
2011 03 13 05 38 00 2 5291.870
2011 03 13 05 37 00 2 5291.868
2011 03 13 05 36 00 2 5291.867
2011 03 13 05 35 00 2 5291.868
2011 03 13 05 34 00 2 5291.868
2011 03 13 05 33 00 2 5291.868
2011 03 13 05 32 00 2 5291.867
2011 03 13 05 31 00 2 5291.866
2011 03 13 05 30 00 2 5291.866
2011 03 13 05 29 00 2 5291.870
2011 03 13 05 28 00 2 5291.873
2011 03 13 05 27 00 2 5291.877
2011 03 13 05 26 00 2 5291.879
2011 03 13 05 25 00 2 5291.876
2011 03 13 05 24 00 2 5291.878
2011 03 13 05 23 00 2 5291.876
2011 03 13 05 22 00 2 5291.873
2011 03 13 05 21 00 2 5291.876
2011 03 13 05 20 00 2 5291.877
2011 03 13 05 19 00 2 5291.872
2011 03 13 05 18 00 2 5291.873
2011 03 13 05 17 00 2 5291.877
2011 03 13 05 16 00 2 5291.875
2011 03 13 05 15 00 2 5291.877
2011 03 13 05 14 00 2 5291.876
2011 03 13 05 13 00 2 5291.877
2011 03 13 05 12 00 2 5291.876
2011 03 13 05 11 00 2 5291.876
2011 03 13 05 10 00 2 5291.875
2011 03 13 05 09 00 2 5291.874
2011 03 13 05 08 00 2 5291.874
2011 03 13 05 07 00 2 5291.870
2011 03 13 05 06 00 2 5291.866
2011 03 13 05 05 00 2 5291.871
2011 03 13 05 04 00 2 5291.869
2011 03 13 05 03 00 2 5291.864
2011 03 13 05 02 00 2 5291.860
2011 03 13 05 01 00 2 5291.857
2011 03 13 05 00 00 2 5291.855
2011 03 13 04 59 00 2 5291.852
2011 03 13 04 58 00 2 5291.853
2011 03 13 04 57 00 2 5291.853
2011 03 13 04 56 00 2 5291.853
2011 03 13 04 55 00 2 5291.852
2011 03 13 04 54 00 2 5291.853
2011 03 13 04 53 00 2 5291.856
2011 03 13 04 52 00 2 5291.855
2011 03 13 04 51 00 2 5291.856
2011 03 13 04 50 00 2 5291.860
2011 03 13 04 49 00 2 5291.861
2011 03 13 04 48 00 2 5291.865
2011 03 13 04 47 00 2 5291.870
2011 03 13 04 46 00 2 5291.873
2011 03 13 04 45 00 2 5291.872
2011 03 13 04 44 00 2 5291.869
2011 03 13 04 43 00 2 5291.865
2011 03 13 04 42 00 2 5291.861
2011 03 13 04 41 00 2 5291.856
2011 03 13 04 40 00 2 5291.854
2011 03 13 04 39 00 2 5291.854
2011 03 13 04 38 00 2 5291.853
2011 03 13 04 37 00 2 5291.852
2011 03 13 04 36 00 2 5291.850
2011 03 13 04 35 00 2 5291.851
2011 03 13 04 34 00 2 5291.850
2011 03 13 04 33 00 2 5291.852
2011 03 13 04 32 00 2 5291.855
2011 03 13 04 31 00 2 5291.852
2011 03 13 04 30 00 2 5291.848
2011 03 13 04 29 00 2 5291.840
2011 03 13 04 28 00 2 5291.837
2011 03 13 04 27 00 2 5291.840
2011 03 13 04 26 00 2 5291.842
2011 03 13 04 25 00 2 5291.843
2011 03 13 04 24 00 2 5291.848
2011 03 13 04 23 00 2 5291.855
2011 03 13 04 22 00 2 5291.856
2011 03 13 04 21 00 2 5291.856
2011 03 13 04 20 00 2 5291.858
2011 03 13 04 19 00 2 5291.857
2011 03 13 04 18 00 2 5291.858
2011 03 13 04 17 00 2 5291.857
2011 03 13 04 16 00 2 5291.856
2011 03 13 04 15 00 2 5291.860
2011 03 13 04 14 00 2 5291.856
2011 03 13 04 13 00 2 5291.858
2011 03 13 04 12 00 2 5291.865
2011 03 13 04 11 00 2 5291.866
2011 03 13 04 10 00 2 5291.868
2011 03 13 04 09 00 2 5291.869
2011 03 13 04 08 00 2 5291.871
2011 03 13 04 07 00 2 5291.870
2011 03 13 04 06 00 2 5291.869
2011 03 13 04 05 00 2 5291.867
2011 03 13 04 04 00 2 5291.864
2011 03 13 04 03 00 2 5291.865
2011 03 13 04 02 00 2 5291.864
2011 03 13 04 01 00 2 5291.862
2011 03 13 04 00 00 2 5291.867
2011 03 13 03 59 00 2 5291.872
2011 03 13 03 58 00 2 5291.873
2011 03 13 03 57 00 2 5291.875
2011 03 13 03 56 00 2 5291.879
2011 03 13 03 55 00 2 5291.881
2011 03 13 03 54 00 2 5291.884
2011 03 13 03 53 00 2 5291.885
2011 03 13 03 52 00 2 5291.888
2011 03 13 03 51 00 2 5291.895
2011 03 13 03 50 00 2 5291.896
2011 03 13 03 49 00 2 5291.893
2011 03 13 03 48 00 2 5291.895
2011 03 13 03 47 00 2 5291.900
2011 03 13 03 46 00 2 5291.902
2011 03 13 03 45 00 2 5291.898
2011 03 13 03 44 00 2 5291.898
2011 03 13 03 43 00 2 5291.898
2011 03 13 03 42 00 2 5291.897
2011 03 13 03 41 00 2 5291.898
2011 03 13 03 40 00 2 5291.899
2011 03 13 03 39 00 2 5291.895
2011 03 13 03 38 00 2 5291.892
2011 03 13 03 37 00 2 5291.888
2011 03 13 03 36 00 2 5291.886
2011 03 13 03 35 00 2 5291.884
2011 03 13 03 34 00 2 5291.882
2011 03 13 03 33 00 2 5291.876
2011 03 13 03 32 00 2 5291.874
2011 03 13 03 31 00 2 5291.879
2011 03 13 03 30 00 2 5291.882
2011 03 13 03 29 00 2 5291.879
2011 03 13 03 28 00 2 5291.880
2011 03 13 03 27 00 2 5291.882
2011 03 13 03 26 00 2 5291.886
2011 03 13 03 25 00 2 5291.889
2011 03 13 03 24 00 2 5291.894
2011 03 13 03 23 00 2 5291.897
2011 03 13 03 22 00 2 5291.902
2011 03 13 03 21 00 2 5291.905
2011 03 13 03 20 00 2 5291.910
2011 03 13 03 19 00 2 5291.914
2011 03 13 03 18 00 2 5291.916
2011 03 13 03 17 00 2 5291.922
2011 03 13 03 16 00 2 5291.928
2011 03 13 03 15 00 2 5291.930
2011 03 13 03 14 00 2 5291.943
2011 03 13 03 13 00 2 5291.950
2011 03 13 03 12 00 2 5291.954
2011 03 13 03 11 00 2 5291.960
2011 03 13 03 10 00 2 5291.961
2011 03 13 03 09 00 2 5291.961
2011 03 13 03 08 00 2 5291.969
2011 03 13 03 07 00 2 5291.977
2011 03 13 03 06 00 2 5291.981
2011 03 13 03 05 00 2 5291.986
2011 03 13 03 04 00 2 5291.990
2011 03 13 03 03 00 2 5291.996
2011 03 13 03 02 00 2 5292.001
2011 03 13 03 01 00 2 5292.007
2011 03 13 03 00 00 2 5292.009
2011 03 13 02 59 00 2 5292.014
2011 03 13 02 58 00 2 5292.017
2011 03 13 02 57 00 2 5292.014
2011 03 13 02 56 00 2 5292.009
2011 03 13 02 55 00 2 5292.007
2011 03 13 02 54 00 2 5292.007
2011 03 13 02 53 00 2 5292.004
2011 03 13 02 52 00 2 5292.008
2011 03 13 02 51 00 2 5292.007
2011 03 13 02 50 00 2 5292.012
2011 03 13 02 49 00 2 5292.008
2011 03 13 02 48 00 2 5292.016
2011 03 13 02 47 00 2 5292.017
2011 03 13 02 46 00 2 5292.019
2011 03 13 02 45 00 2 5292.021
2011 03 13 02 44 00 2 5292.025
2011 03 13 02 43 00 2 5292.026
2011 03 13 02 42 00 2 5292.026
2011 03 13 02 41 00 2 5292.028
2011 03 13 02 40 00 2 5292.030
2011 03 13 02 39 00 2 5292.029
2011 03 13 02 38 00 2 5292.026
2011 03 13 02 37 00 2 5292.031
2011 03 13 02 36 00 2 5292.026
2011 03 13 02 35 00 2 5292.024
2011 03 13 02 34 00 2 5292.025
2011 03 13 02 33 00 2 5292.027
2011 03 13 02 32 00 2 5292.032
2011 03 13 02 31 00 2 5292.039
2011 03 13 02 30 00 2 5292.041
2011 03 13 02 29 00 2 5292.042
2011 03 13 02 28 00 2 5292.042
2011 03 13 02 27 00 2 5292.047
2011 03 13 02 26 00 2 5292.051
2011 03 13 02 25 00 2 5292.052
2011 03 13 02 24 00 2 5292.057
2011 03 13 02 23 00 2 5292.061
2011 03 13 02 22 00 2 5292.061
2011 03 13 02 21 00 2 5292.066
2011 03 13 02 20 00 2 5292.070
2011 03 13 02 19 00 2 5292.075
2011 03 13 02 18 00 2 5292.078
2011 03 13 02 17 00 2 5292.080
2011 03 13 02 16 00 2 5292.087
2011 03 13 02 15 00 2 5292.089
2011 03 13 02 14 00 2 5292.088
2011 03 13 02 13 00 2 5292.094
2011 03 13 02 12 00 2 5292.093
2011 03 13 02 11 00 2 5292.095
2011 03 13 02 10 00 2 5292.094
2011 03 13 02 09 00 2 5292.094
2011 03 13 02 08 00 2 5292.094
2011 03 13 02 07 00 2 5292.095
2011 03 13 02 06 00 2 5292.096
2011 03 13 02 05 00 2 5292.098
2011 03 13 02 04 00 2 5292.102
2011 03 13 02 03 00 2 5292.108
2011 03 13 02 02 00 2 5292.108
2011 03 13 02 01 00 2 5292.107
2011 03 13 02 00 00 2 5292.108
2011 03 13 01 59 00 2 5292.109
2011 03 13 01 58 00 2 5292.109
2011 03 13 01 57 00 2 5292.109
2011 03 13 01 56 00 2 5292.112
2011 03 13 01 55 00 2 5292.123
2011 03 13 01 54 00 2 5292.123
2011 03 13 01 53 00 2 5292.132
2011 03 13 01 52 00 2 5292.134
2011 03 13 01 51 00 2 5292.138
2011 03 13 01 50 00 2 5292.147
2011 03 13 01 49 00 2 5292.152
2011 03 13 01 48 00 2 5292.158
2011 03 13 01 47 00 2 5292.164
2011 03 13 01 46 00 2 5292.176
2011 03 13 01 45 00 2 5292.180
2011 03 13 01 44 00 2 5292.180
2011 03 13 01 43 00 2 5292.186
2011 03 13 01 42 00 2 5292.189
2011 03 13 01 41 00 2 5292.192
2011 03 13 01 40 00 2 5292.196
2011 03 13 01 39 00 2 5292.197
2011 03 13 01 38 00 2 5292.197
2011 03 13 01 37 00 2 5292.194
2011 03 13 01 36 00 2 5292.194
2011 03 13 01 35 00 2 5292.192
2011 03 13 01 34 00 2 5292.194
2011 03 13 01 33 00 2 5292.196
2011 03 13 01 32 00 2 5292.198
2011 03 13 01 31 00 2 5292.201
2011 03 13 01 30 00 2 5292.200
2011 03 13 01 29 00 2 5292.195
2011 03 13 01 28 00 2 5292.194
2011 03 13 01 27 00 2 5292.190
2011 03 13 01 26 00 2 5292.189
2011 03 13 01 25 00 2 5292.194
2011 03 13 01 24 00 2 5292.201
2011 03 13 01 23 00 2 5292.201
2011 03 13 01 22 00 2 5292.198
2011 03 13 01 21 00 2 5292.201
2011 03 13 01 20 00 2 5292.207
2011 03 13 01 19 00 2 5292.216
2011 03 13 01 18 00 2 5292.224
2011 03 13 01 17 00 2 5292.231
2011 03 13 01 16 00 2 5292.239
2011 03 13 01 15 00 2 5292.244
2011 03 13 01 14 00 2 5292.245
2011 03 13 01 13 00 2 5292.248
2011 03 13 01 12 00 2 5292.251
2011 03 13 01 11 00 2 5292.249
2011 03 13 01 10 00 2 5292.248
2011 03 13 01 09 00 2 5292.250
2011 03 13 01 08 00 2 5292.252
2011 03 13 01 07 00 2 5292.252
2011 03 13 01 06 00 2 5292.255
2011 03 13 01 05 00 2 5292.259
2011 03 13 01 04 00 2 5292.258
2011 03 13 01 03 00 2 5292.260
2011 03 13 01 02 00 2 5292.261
2011 03 13 01 01 00 2 5292.262
2011 03 13 01 00 00 1 5292.265
2011 03 13 00 59 00 2 5292.265
2011 03 13 00 58 00 2 5292.267
2011 03 13 00 57 00 2 5292.274
2011 03 13 00 56 00 2 5292.277
2011 03 13 00 55 00 2 5292.279
2011 03 13 00 54 00 2 5292.280
2011 03 13 00 53 00 2 5292.283
2011 03 13 00 52 00 2 5292.288
2011 03 13 00 51 00 2 5292.295
2011 03 13 00 50 00 2 5292.301
2011 03 13 00 49 00 2 5292.307
2011 03 13 00 48 00 2 5292.315
2011 03 13 00 47 00 2 5292.320
2011 03 13 00 46 00 2 5292.325
2011 03 13 00 45 00 1 5292.328
2011 03 13 00 44 00 2 5292.326
2011 03 13 00 43 00 2 5292.332
2011 03 13 00 42 00 2 5292.334
2011 03 13 00 41 00 2 5292.339
2011 03 13 00 40 00 2 5292.343
2011 03 13 00 39 00 2 5292.344
2011 03 13 00 38 00 2 5292.344
2011 03 13 00 37 00 2 5292.347
2011 03 13 00 36 00 2 5292.352
2011 03 13 00 35 00 2 5292.351
2011 03 13 00 34 00 2 5292.357
2011 03 13 00 33 00 2 5292.360
2011 03 13 00 32 00 2 5292.360
2011 03 13 00 31 00 2 5292.361
2011 03 13 00 30 00 1 5292.364
2011 03 13 00 29 00 2 5292.366
2011 03 13 00 28 00 2 5292.370
2011 03 13 00 27 00 2 5292.372
2011 03 13 00 26 00 2 5292.377
2011 03 13 00 25 00 2 5292.385
2011 03 13 00 24 00 2 5292.385
2011 03 13 00 23 00 2 5292.380
2011 03 13 00 22 00 2 5292.384
2011 03 13 00 21 00 2 5292.395
2011 03 13 00 20 00 2 5292.398
2011 03 13 00 19 00 2 5292.395
2011 03 13 00 18 00 2 5292.393
2011 03 13 00 17 00 2 5292.397
2011 03 13 00 16 00 2 5292.399
2011 03 13 00 15 00 1 5292.400
2011 03 13 00 14 00 2 5292.400
2011 03 13 00 13 00 2 5292.402
2011 03 13 00 12 00 2 5292.409
2011 03 13 00 11 00 2 5292.408
2011 03 13 00 10 00 2 5292.411
2011 03 13 00 09 00 2 5292.417
2011 03 13 00 08 00 2 5292.419
2011 03 13 00 07 00 2 5292.424
2011 03 13 00 06 00 2 5292.426
2011 03 13 00 05 00 2 5292.433
2011 03 13 00 04 00 2 5292.439
2011 03 13 00 03 00 2 5292.442
2011 03 13 00 02 00 2 5292.444
2011 03 13 00 01 00 2 5292.447
2011 03 13 00 00 00 1 5292.445
2011 03 12 23 45 00 1 5292.468
2011 03 12 23 30 00 1 5292.527
2011 03 12 23 15 00 1 5292.553
2011 03 12 23 00 00 1 5292.588
2011 03 12 22 45 00 1 5292.624
2011 03 12 22 30 00 1 5292.653
2011 03 12 22 15 00 1 5292.672
2011 03 12 22 00 00 1 5292.699
2011 03 12 21 45 00 1 5292.726
2011 03 12 21 30 00 1 5292.743
2011 03 12 21 15 00 1 5292.738
2011 03 12 21 00 00 1 5292.752
2011 03 12 20 45 00 1 5292.754
2011 03 12 20 30 00 1 5292.773
2011 03 12 20 15 00 1 5292.746
2011 03 12 20 00 00 1 5292.754
2011 03 12 19 45 00 1 5292.745
2011 03 12 19 30 00 1 5292.729
2011 03 12 19 15 00 1 5292.717
2011 03 12 19 00 00 1 5292.715
2011 03 12 18 45 00 1 5292.682
2011 03 12 18 30 00 1 5292.674
2011 03 12 18 15 00 1 5292.672
2011 03 12 18 00 00 1 5292.650
2011 03 12 17 45 00 1 5292.623
2011 03 12 17 30 00 1 5292.601
2011 03 12 17 15 00 1 5292.585
2011 03 12 17 00 00 1 5292.578
2011 03 12 16 45 00 1 5292.557
2011 03 12 16 30 00 1 5292.532
2011 03 12 16 15 00 1 5292.532
2011 03 12 16 00 00 1 5292.529
2011 03 12 15 45 00 1 5292.514
2011 03 12 15 30 00 1 5292.489
2011 03 12 15 15 00 1 5292.473
2011 03 12 15 00 00 1 5292.475
2011 03 12 14 45 00 1 5292.457
2011 03 12 14 30 00 1 5292.451
2011 03 12 14 15 00 1 5292.463
2011 03 12 14 00 00 1 5292.437
2011 03 12 13 45 00 1 5292.453
2011 03 12 13 30 00 1 5292.443
2011 03 12 13 15 00 1 5292.449
2011 03 12 13 00 00 1 5292.445
2011 03 12 12 45 00 1 5292.445
2011 03 12 12 30 00 1 5292.455
2011 03 12 12 15 00 1 5292.429
2011 03 12 11 59 00 2 5292.464
2011 03 12 11 58 00 2 5292.455
2011 03 12 11 57 00 2 5292.453
2011 03 12 11 56 00 2 5292.454
2011 03 12 11 55 00 2 5292.449
2011 03 12 11 54 00 2 5292.449
2011 03 12 11 53 00 2 5292.454
2011 03 12 11 52 00 2 5292.460
2011 03 12 11 51 00 2 5292.464
2011 03 12 11 50 00 2 5292.457
2011 03 12 11 49 00 2 5292.456
2011 03 12 11 48 00 2 5292.462
2011 03 12 11 47 00 2 5292.460
2011 03 12 11 46 00 2 5292.457
2011 03 12 11 45 00 2 5292.454
2011 03 12 11 44 00 2 5292.451
2011 03 12 11 43 00 2 5292.449
2011 03 12 11 42 00 2 5292.450
2011 03 12 11 41 00 2 5292.450
2011 03 12 11 40 00 2 5292.452
2011 03 12 11 39 00 2 5292.444
2011 03 12 11 38 00 2 5292.447
2011 03 12 11 37 00 2 5292.449
2011 03 12 11 36 00 2 5292.447
2011 03 12 11 35 00 2 5292.448
2011 03 12 11 34 00 2 5292.451
2011 03 12 11 33 00 2 5292.455
2011 03 12 11 32 00 2 5292.457
2011 03 12 11 31 00 2 5292.461
2011 03 12 11 30 00 2 5292.461
2011 03 12 11 29 00 2 5292.455
2011 03 12 11 28 00 2 5292.455
2011 03 12 11 27 00 2 5292.458
2011 03 12 11 26 00 2 5292.454
2011 03 12 11 25 00 2 5292.455
2011 03 12 11 24 00 2 5292.454
2011 03 12 11 23 00 2 5292.452
2011 03 12 11 22 00 2 5292.451
2011 03 12 11 21 00 2 5292.449
2011 03 12 11 20 00 2 5292.441
2011 03 12 11 19 00 2 5292.440
2011 03 12 11 18 00 2 5292.442
2011 03 12 11 17 00 2 5292.444
2011 03 12 11 16 00 2 5292.444
2011 03 12 11 15 00 2 5292.443
2011 03 12 11 14 00 2 5292.445
2011 03 12 11 13 00 2 5292.445
2011 03 12 11 12 00 2 5292.449
2011 03 12 11 11 00 2 5292.447
2011 03 12 11 10 00 2 5292.438
2011 03 12 11 09 00 2 5292.438
2011 03 12 11 08 00 2 5292.437
2011 03 12 11 07 00 2 5292.444
2011 03 12 11 06 00 2 5292.440
2011 03 12 11 05 00 2 5292.438
2011 03 12 11 04 00 2 5292.435
2011 03 12 11 03 00 2 5292.437
2011 03 12 11 02 00 2 5292.442
2011 03 12 11 01 00 2 5292.438
2011 03 12 11 00 00 2 5292.435
2011 03 12 10 59 00 2 5292.441
2011 03 12 10 58 00 2 5292.440
2011 03 12 10 57 00 2 5292.445
2011 03 12 10 56 00 2 5292.448
2011 03 12 10 55 00 2 5292.447
2011 03 12 10 54 00 2 5292.454
2011 03 12 10 53 00 2 5292.458
2011 03 12 10 52 00 2 5292.456
2011 03 12 10 51 00 2 5292.455
2011 03 12 10 50 00 2 5292.461
2011 03 12 10 49 00 2 5292.459
2011 03 12 10 48 00 2 5292.454
2011 03 12 10 47 00 2 5292.461
2011 03 12 10 46 00 2 5292.460
2011 03 12 10 45 00 2 5292.457
2011 03 12 10 44 00 2 5292.456
2011 03 12 10 43 00 2 5292.447
2011 03 12 10 42 00 2 5292.438
2011 03 12 10 41 00 2 5292.436
2011 03 12 10 40 00 2 5292.428
2011 03 12 10 39 00 2 5292.419
2011 03 12 10 38 00 2 5292.421
2011 03 12 10 37 00 2 5292.420
2011 03 12 10 36 00 2 5292.410
2011 03 12 10 35 00 2 5292.414
2011 03 12 10 34 00 2 5292.425
2011 03 12 10 33 00 2 5292.429
2011 03 12 10 32 00 2 5292.425
2011 03 12 10 31 00 2 5292.422
2011 03 12 10 30 00 2 5292.423
2011 03 12 10 29 00 2 5292.423
2011 03 12 10 28 00 2 5292.423
2011 03 12 10 27 00 2 5292.428
2011 03 12 10 26 00 2 5292.430
2011 03 12 10 25 00 2 5292.431
2011 03 12 10 24 00 2 5292.421
2011 03 12 10 23 00 2 5292.416
2011 03 12 10 22 00 2 5292.418
2011 03 12 10 21 00 2 5292.418
2011 03 12 10 20 00 2 5292.411
2011 03 12 10 19 00 2 5292.414
2011 03 12 10 18 00 2 5292.417
2011 03 12 10 17 00 2 5292.408
2011 03 12 10 16 00 2 5292.403
2011 03 12 10 15 00 2 5292.412
2011 03 12 10 14 00 2 5292.413
2011 03 12 10 13 00 2 5292.407
2011 03 12 10 12 00 2 5292.400
2011 03 12 10 11 00 2 5292.404
2011 03 12 10 10 00 2 5292.402
2011 03 12 10 09 00 2 5292.393
2011 03 12 10 08 00 2 5292.389
2011 03 12 10 07 00 2 5292.394
2011 03 12 10 06 00 2 5292.397
2011 03 12 10 05 00 2 5292.394
2011 03 12 10 04 00 2 5292.399
2011 03 12 10 03 00 2 5292.399
2011 03 12 10 02 00 2 5292.403
2011 03 12 10 01 00 2 5292.410
2011 03 12 10 00 00 2 5292.404
2011 03 12 09 59 00 2 5292.406
2011 03 12 09 58 00 2 5292.411
2011 03 12 09 57 00 2 5292.406
2011 03 12 09 56 00 2 5292.403
2011 03 12 09 55 00 2 5292.399
2011 03 12 09 54 00 2 5292.397
2011 03 12 09 53 00 2 5292.392
2011 03 12 09 52 00 2 5292.385
2011 03 12 09 51 00 2 5292.394
2011 03 12 09 50 00 2 5292.398
2011 03 12 09 49 00 2 5292.388
2011 03 12 09 48 00 2 5292.388
2011 03 12 09 47 00 2 5292.393
2011 03 12 09 46 00 2 5292.382
2011 03 12 09 45 00 2 5292.373
2011 03 12 09 44 00 2 5292.377
2011 03 12 09 43 00 2 5292.379
2011 03 12 09 42 00 2 5292.370
2011 03 12 09 41 00 2 5292.365
2011 03 12 09 40 00 2 5292.362
2011 03 12 09 39 00 2 5292.366
2011 03 12 09 38 00 2 5292.364
2011 03 12 09 37 00 2 5292.364
2011 03 12 09 36 00 2 5292.359
2011 03 12 09 35 00 2 5292.360
2011 03 12 09 34 00 2 5292.363
2011 03 12 09 33 00 2 5292.360
2011 03 12 09 32 00 2 5292.363
2011 03 12 09 31 00 2 5292.370
2011 03 12 09 30 00 2 5292.373
2011 03 12 09 29 00 2 5292.373
2011 03 12 09 28 00 2 5292.371
2011 03 12 09 27 00 2 5292.370
2011 03 12 09 26 00 2 5292.365
2011 03 12 09 25 00 2 5292.358
2011 03 12 09 24 00 2 5292.354
2011 03 12 09 23 00 2 5292.349
2011 03 12 09 22 00 2 5292.343
2011 03 12 09 21 00 2 5292.339
2011 03 12 09 20 00 2 5292.337
2011 03 12 09 19 00 2 5292.342
2011 03 12 09 18 00 2 5292.350
2011 03 12 09 17 00 2 5292.349
2011 03 12 09 16 00 2 5292.344
2011 03 12 09 15 00 2 5292.338
2011 03 12 09 14 00 2 5292.340
2011 03 12 09 13 00 2 5292.341
2011 03 12 09 12 00 2 5292.330
2011 03 12 09 11 00 2 5292.339
2011 03 12 09 10 00 2 5292.345
2011 03 12 09 09 00 2 5292.336
2011 03 12 09 08 00 2 5292.326
2011 03 12 09 07 00 2 5292.315
2011 03 12 09 06 00 2 5292.312
2011 03 12 09 05 00 2 5292.320
2011 03 12 09 04 00 2 5292.321
2011 03 12 09 03 00 2 5292.313
2011 03 12 09 02 00 2 5292.317
2011 03 12 09 01 00 2 5292.321
2011 03 12 09 00 00 2 5292.321
2011 03 12 08 59 00 2 5292.311
2011 03 12 08 58 00 2 5292.306
2011 03 12 08 57 00 2 5292.296
2011 03 12 08 56 00 2 5292.292
2011 03 12 08 55 00 2 5292.301
2011 03 12 08 54 00 2 5292.306
2011 03 12 08 53 00 2 5292.312
2011 03 12 08 52 00 2 5292.315
2011 03 12 08 51 00 2 5292.318
2011 03 12 08 50 00 2 5292.307
2011 03 12 08 49 00 2 5292.298
2011 03 12 08 48 00 2 5292.306
2011 03 12 08 47 00 2 5292.302
2011 03 12 08 46 00 2 5292.295
2011 03 12 08 45 00 2 5292.297
2011 03 12 08 44 00 2 5292.298
2011 03 12 08 43 00 2 5292.288
2011 03 12 08 42 00 2 5292.289
2011 03 12 08 41 00 2 5292.295
2011 03 12 08 40 00 2 5292.281
2011 03 12 08 39 00 2 5292.273
2011 03 12 08 38 00 2 5292.277
2011 03 12 08 37 00 2 5292.289
2011 03 12 08 36 00 2 5292.288
2011 03 12 08 35 00 2 5292.283
2011 03 12 08 34 00 2 5292.282
2011 03 12 08 33 00 2 5292.276
2011 03 12 08 32 00 2 5292.273
2011 03 12 08 31 00 2 5292.276
2011 03 12 08 30 00 2 5292.279
2011 03 12 08 29 00 2 5292.275
2011 03 12 08 28 00 2 5292.271
2011 03 12 08 27 00 2 5292.271
2011 03 12 08 26 00 2 5292.276
2011 03 12 08 25 00 2 5292.269
2011 03 12 08 24 00 2 5292.263
2011 03 12 08 23 00 2 5292.266
2011 03 12 08 22 00 2 5292.272
2011 03 12 08 21 00 2 5292.265
2011 03 12 08 20 00 2 5292.270
2011 03 12 08 19 00 2 5292.273
2011 03 12 08 18 00 2 5292.261
2011 03 12 08 17 00 2 5292.256
2011 03 12 08 16 00 2 5292.263
2011 03 12 08 15 00 2 5292.263
2011 03 12 08 14 00 2 5292.260
2011 03 12 08 13 00 2 5292.245
2011 03 12 08 12 00 2 5292.244
2011 03 12 08 11 00 2 5292.239
2011 03 12 08 10 00 2 5292.224
2011 03 12 08 09 00 2 5292.213
2011 03 12 08 08 00 2 5292.208
2011 03 12 08 07 00 2 5292.201
2011 03 12 08 06 00 2 5292.194
2011 03 12 08 05 00 2 5292.196
2011 03 12 08 04 00 2 5292.204
2011 03 12 08 03 00 2 5292.204
2011 03 12 08 02 00 2 5292.192
2011 03 12 08 01 00 2 5292.188
2011 03 12 08 00 00 2 5292.184
2011 03 12 07 59 00 2 5292.184
2011 03 12 07 58 00 2 5292.185
2011 03 12 07 57 00 2 5292.184
2011 03 12 07 56 00 2 5292.196
2011 03 12 07 55 00 2 5292.202
2011 03 12 07 54 00 2 5292.204
2011 03 12 07 53 00 2 5292.200
2011 03 12 07 52 00 2 5292.191
2011 03 12 07 51 00 2 5292.196
2011 03 12 07 50 00 2 5292.198
2011 03 12 07 49 00 2 5292.184
2011 03 12 07 48 00 2 5292.185
2011 03 12 07 47 00 2 5292.191
2011 03 12 07 46 00 2 5292.193
2011 03 12 07 45 00 2 5292.194
2011 03 12 07 44 00 2 5292.193
2011 03 12 07 43 00 2 5292.186
2011 03 12 07 42 00 2 5292.179
2011 03 12 07 41 00 2 5292.167
2011 03 12 07 40 00 2 5292.161
2011 03 12 07 39 00 2 5292.171
2011 03 12 07 38 00 2 5292.162
2011 03 12 07 37 00 2 5292.149
2011 03 12 07 36 00 2 5292.150
2011 03 12 07 35 00 2 5292.140
2011 03 12 07 34 00 2 5292.125
2011 03 12 07 33 00 2 5292.130
2011 03 12 07 32 00 2 5292.132
2011 03 12 07 31 00 2 5292.139
2011 03 12 07 30 00 2 5292.141
2011 03 12 07 29 00 2 5292.133
2011 03 12 07 28 00 2 5292.126
2011 03 12 07 27 00 2 5292.122
2011 03 12 07 26 00 2 5292.112
2011 03 12 07 25 00 2 5292.108
2011 03 12 07 24 00 2 5292.098
2011 03 12 07 23 00 2 5292.096
2011 03 12 07 22 00 2 5292.103
2011 03 12 07 21 00 2 5292.095
2011 03 12 07 20 00 2 5292.097
2011 03 12 07 19 00 2 5292.101
2011 03 12 07 18 00 2 5292.104
2011 03 12 07 17 00 2 5292.103
2011 03 12 07 16 00 2 5292.107
2011 03 12 07 15 00 2 5292.111
2011 03 12 07 14 00 2 5292.119
2011 03 12 07 13 00 2 5292.121
2011 03 12 07 12 00 2 5292.114
2011 03 12 07 11 00 2 5292.110
2011 03 12 07 10 00 2 5292.102
2011 03 12 07 09 00 2 5292.097
2011 03 12 07 08 00 2 5292.094
2011 03 12 07 07 00 2 5292.090
2011 03 12 07 06 00 2 5292.091
2011 03 12 07 05 00 2 5292.088
2011 03 12 07 04 00 2 5292.089
2011 03 12 07 03 00 2 5292.087
2011 03 12 07 02 00 2 5292.076
2011 03 12 07 01 00 2 5292.071
2011 03 12 07 00 00 2 5292.077
2011 03 12 06 59 00 2 5292.076
2011 03 12 06 58 00 2 5292.075
2011 03 12 06 57 00 2 5292.067
2011 03 12 06 56 00 2 5292.060
2011 03 12 06 55 00 2 5292.054
2011 03 12 06 54 00 2 5292.043
2011 03 12 06 53 00 2 5292.042
2011 03 12 06 52 00 2 5292.043
2011 03 12 06 51 00 2 5292.049
2011 03 12 06 50 00 2 5292.053
2011 03 12 06 49 00 2 5292.053
2011 03 12 06 48 00 2 5292.055
2011 03 12 06 47 00 2 5292.056
2011 03 12 06 46 00 2 5292.054
2011 03 12 06 45 00 2 5292.058
2011 03 12 06 44 00 2 5292.055
2011 03 12 06 43 00 2 5292.046
2011 03 12 06 42 00 2 5292.039
2011 03 12 06 41 00 2 5292.034
2011 03 12 06 40 00 2 5292.026
2011 03 12 06 39 00 2 5292.016
2011 03 12 06 38 00 2 5292.009
2011 03 12 06 37 00 2 5292.009
2011 03 12 06 36 00 2 5292.008
2011 03 12 06 35 00 2 5292.013
2011 03 12 06 34 00 2 5292.014
2011 03 12 06 33 00 2 5292.001
2011 03 12 06 32 00 2 5292.002
2011 03 12 06 31 00 2 5292.009
2011 03 12 06 30 00 2 5292.006
2011 03 12 06 29 00 2 5292.011
2011 03 12 06 28 00 2 5292.019
2011 03 12 06 27 00 2 5292.016
2011 03 12 06 26 00 2 5292.014
2011 03 12 06 25 00 2 5292.010
2011 03 12 06 24 00 2 5292.011
2011 03 12 06 23 00 2 5292.013
2011 03 12 06 22 00 2 5292.000
2011 03 12 06 21 00 2 5291.997
2011 03 12 06 20 00 2 5291.990
2011 03 12 06 19 00 2 5291.981
2011 03 12 06 18 00 2 5291.979
2011 03 12 06 17 00 2 5291.984
2011 03 12 06 16 00 2 5291.987
2011 03 12 06 15 00 2 5291.999
2011 03 12 06 14 00 2 5292.001
2011 03 12 06 13 00 2 5291.999
2011 03 12 06 12 00 2 5291.994
2011 03 12 06 11 00 2 5291.986
2011 03 12 06 10 00 2 5291.980
2011 03 12 06 09 00 2 5291.979
2011 03 12 06 08 00 2 5291.984
2011 03 12 06 07 00 2 5291.987
2011 03 12 06 06 00 2 5291.984
2011 03 12 06 05 00 2 5291.979
2011 03 12 06 04 00 2 5291.973
2011 03 12 06 03 00 2 5291.959
2011 03 12 06 02 00 2 5291.950
2011 03 12 06 01 00 2 5291.946
2011 03 12 06 00 00 2 5291.946
2011 03 12 05 59 00 2 5291.952
2011 03 12 05 58 00 2 5291.960
2011 03 12 05 57 00 2 5291.963
2011 03 12 05 56 00 2 5291.963
2011 03 12 05 55 00 2 5291.960
2011 03 12 05 54 00 2 5291.961
2011 03 12 05 53 00 2 5291.956
2011 03 12 05 52 00 2 5291.952
2011 03 12 05 51 00 2 5291.957
2011 03 12 05 50 00 2 5291.957
2011 03 12 05 49 00 2 5291.951
2011 03 12 05 48 00 2 5291.956
2011 03 12 05 47 00 2 5291.958
2011 03 12 05 46 00 2 5291.949
2011 03 12 05 45 00 2 5291.942
2011 03 12 05 44 00 2 5291.943
2011 03 12 05 43 00 2 5291.939
2011 03 12 05 42 00 2 5291.931
2011 03 12 05 41 00 2 5291.933
2011 03 12 05 40 00 2 5291.930
2011 03 12 05 39 00 2 5291.925
2011 03 12 05 38 00 2 5291.926
2011 03 12 05 37 00 2 5291.924
2011 03 12 05 36 00 2 5291.918
2011 03 12 05 35 00 2 5291.911
2011 03 12 05 34 00 2 5291.917
2011 03 12 05 33 00 2 5291.924
2011 03 12 05 32 00 2 5291.927
2011 03 12 05 31 00 2 5291.921
2011 03 12 05 30 00 2 5291.921
2011 03 12 05 29 00 2 5291.919
2011 03 12 05 28 00 2 5291.909
2011 03 12 05 27 00 2 5291.897
2011 03 12 05 26 00 2 5291.898
2011 03 12 05 25 00 2 5291.910
2011 03 12 05 24 00 2 5291.904
2011 03 12 05 23 00 2 5291.902
2011 03 12 05 22 00 2 5291.906
2011 03 12 05 21 00 2 5291.906
2011 03 12 05 20 00 2 5291.904
2011 03 12 05 19 00 2 5291.901
2011 03 12 05 18 00 2 5291.899
2011 03 12 05 17 00 2 5291.901
2011 03 12 05 16 00 2 5291.895
2011 03 12 05 15 00 2 5291.890
2011 03 12 05 14 00 2 5291.898
2011 03 12 05 13 00 2 5291.908
2011 03 12 05 12 00 2 5291.894
2011 03 12 05 11 00 2 5291.891
2011 03 12 05 10 00 2 5291.886
2011 03 12 05 09 00 2 5291.887
2011 03 12 05 08 00 2 5291.892
2011 03 12 05 07 00 2 5291.885
2011 03 12 05 06 00 2 5291.886
2011 03 12 05 05 00 2 5291.888
2011 03 12 05 04 00 2 5291.888
2011 03 12 05 03 00 2 5291.889
2011 03 12 05 02 00 2 5291.884
2011 03 12 05 01 00 2 5291.882
2011 03 12 05 00 00 2 5291.884
2011 03 12 04 59 00 2 5291.890
2011 03 12 04 58 00 2 5291.886
2011 03 12 04 57 00 2 5291.892
2011 03 12 04 56 00 2 5291.900
2011 03 12 04 55 00 2 5291.901
2011 03 12 04 54 00 2 5291.890
2011 03 12 04 53 00 2 5291.882
2011 03 12 04 52 00 2 5291.885
2011 03 12 04 51 00 2 5291.883
2011 03 12 04 50 00 2 5291.881
2011 03 12 04 49 00 2 5291.878
2011 03 12 04 48 00 2 5291.875
2011 03 12 04 47 00 2 5291.871
2011 03 12 04 46 00 2 5291.871
2011 03 12 04 45 00 2 5291.868
2011 03 12 04 44 00 2 5291.852
2011 03 12 04 43 00 2 5291.848
2011 03 12 04 42 00 2 5291.853
2011 03 12 04 41 00 2 5291.861
2011 03 12 04 40 00 2 5291.863
2011 03 12 04 39 00 2 5291.868
2011 03 12 04 38 00 2 5291.865
2011 03 12 04 37 00 2 5291.862
2011 03 12 04 36 00 2 5291.862
2011 03 12 04 35 00 2 5291.853
2011 03 12 04 34 00 2 5291.853
2011 03 12 04 33 00 2 5291.853
2011 03 12 04 32 00 2 5291.862
2011 03 12 04 31 00 2 5291.871
2011 03 12 04 30 00 2 5291.870
2011 03 12 04 29 00 2 5291.874
2011 03 12 04 28 00 2 5291.883
2011 03 12 04 27 00 2 5291.890
2011 03 12 04 26 00 2 5291.890
2011 03 12 04 25 00 2 5291.881
2011 03 12 04 24 00 2 5291.872
2011 03 12 04 23 00 2 5291.861
2011 03 12 04 22 00 2 5291.857
2011 03 12 04 21 00 2 5291.870
2011 03 12 04 20 00 2 5291.870
2011 03 12 04 19 00 2 5291.871
2011 03 12 04 18 00 2 5291.871
2011 03 12 04 17 00 2 5291.863
2011 03 12 04 16 00 2 5291.868
2011 03 12 04 15 00 2 5291.869
2011 03 12 04 14 00 2 5291.847
2011 03 12 04 13 00 2 5291.854
2011 03 12 04 12 00 2 5291.866
2011 03 12 04 11 00 2 5291.857
2011 03 12 04 10 00 2 5291.868
2011 03 12 04 09 00 2 5291.871
2011 03 12 04 08 00 2 5291.881
2011 03 12 04 07 00 2 5291.890
2011 03 12 04 06 00 2 5291.891
2011 03 12 04 05 00 2 5291.895
2011 03 12 04 04 00 2 5291.885
2011 03 12 04 03 00 2 5291.881
2011 03 12 04 02 00 2 5291.874
2011 03 12 04 01 00 2 5291.865
2011 03 12 04 00 00 2 5291.860
2011 03 12 03 59 00 2 5291.857
2011 03 12 03 58 00 2 5291.849
2011 03 12 03 57 00 2 5291.846
2011 03 12 03 56 00 2 5291.845
2011 03 12 03 55 00 2 5291.855
2011 03 12 03 54 00 2 5291.867
2011 03 12 03 53 00 2 5291.863
2011 03 12 03 52 00 2 5291.870
2011 03 12 03 51 00 2 5291.871
2011 03 12 03 50 00 2 5291.865
2011 03 12 03 49 00 2 5291.869
2011 03 12 03 48 00 2 5291.880
2011 03 12 03 47 00 2 5291.871
2011 03 12 03 46 00 2 5291.862
2011 03 12 03 45 00 2 5291.868
2011 03 12 03 44 00 2 5291.860
2011 03 12 03 43 00 2 5291.862
2011 03 12 03 42 00 2 5291.866
2011 03 12 03 41 00 2 5291.866
2011 03 12 03 40 00 2 5291.870
2011 03 12 03 39 00 2 5291.862
2011 03 12 03 38 00 2 5291.862
2011 03 12 03 37 00 2 5291.863
2011 03 12 03 36 00 2 5291.870
2011 03 12 03 35 00 2 5291.857
2011 03 12 03 34 00 2 5291.847
2011 03 12 03 33 00 2 5291.846
2011 03 12 03 32 00 2 5291.843
2011 03 12 03 31 00 2 5291.848
2011 03 12 03 30 00 2 5291.855
2011 03 12 03 29 00 2 5291.861
2011 03 12 03 28 00 2 5291.871
2011 03 12 03 27 00 2 5291.878
2011 03 12 03 26 00 2 5291.868
2011 03 12 03 25 00 2 5291.867
2011 03 12 03 24 00 2 5291.876
2011 03 12 03 23 00 2 5291.870
2011 03 12 03 22 00 2 5291.875
2011 03 12 03 21 00 2 5291.874
2011 03 12 03 20 00 2 5291.876
2011 03 12 03 19 00 2 5291.885
2011 03 12 03 18 00 2 5291.878
2011 03 12 03 17 00 2 5291.878
2011 03 12 03 16 00 2 5291.887
2011 03 12 03 15 00 2 5291.891
2011 03 12 03 14 00 2 5291.882
2011 03 12 03 13 00 2 5291.877
2011 03 12 03 12 00 2 5291.867
2011 03 12 03 11 00 2 5291.869
2011 03 12 03 10 00 2 5291.873
2011 03 12 03 09 00 2 5291.875
2011 03 12 03 08 00 2 5291.883
2011 03 12 03 07 00 2 5291.884
2011 03 12 03 06 00 2 5291.887
2011 03 12 03 05 00 2 5291.893
2011 03 12 03 04 00 2 5291.884
2011 03 12 03 03 00 2 5291.885
2011 03 12 03 02 00 2 5291.893
2011 03 12 03 01 00 2 5291.897
2011 03 12 03 00 00 2 5291.901
2011 03 12 02 59 00 2 5291.899
2011 03 12 02 58 00 2 5291.908
2011 03 12 02 57 00 2 5291.921
2011 03 12 02 56 00 2 5291.912
2011 03 12 02 55 00 2 5291.914
2011 03 12 02 54 00 2 5291.924
2011 03 12 02 53 00 2 5291.924
2011 03 12 02 52 00 2 5291.919
2011 03 12 02 51 00 2 5291.926
2011 03 12 02 50 00 2 5291.925
2011 03 12 02 49 00 2 5291.929
2011 03 12 02 48 00 2 5291.930
2011 03 12 02 47 00 2 5291.929
2011 03 12 02 46 00 2 5291.931
2011 03 12 02 45 00 2 5291.932
2011 03 12 02 44 00 2 5291.926
2011 03 12 02 43 00 2 5291.917
2011 03 12 02 42 00 2 5291.921
2011 03 12 02 41 00 2 5291.929
2011 03 12 02 40 00 2 5291.921
2011 03 12 02 39 00 2 5291.930
2011 03 12 02 38 00 2 5291.944
2011 03 12 02 37 00 2 5291.931
2011 03 12 02 36 00 2 5291.938
2011 03 12 02 35 00 2 5291.949
2011 03 12 02 34 00 2 5291.950
2011 03 12 02 33 00 2 5291.960
2011 03 12 02 32 00 2 5291.972
2011 03 12 02 31 00 2 5291.984
2011 03 12 02 30 00 2 5291.983
2011 03 12 02 29 00 2 5291.967
2011 03 12 02 28 00 2 5291.963
2011 03 12 02 27 00 2 5291.957
2011 03 12 02 26 00 2 5291.950
2011 03 12 02 25 00 2 5291.951
2011 03 12 02 24 00 2 5291.963
2011 03 12 02 23 00 2 5291.978
2011 03 12 02 22 00 2 5291.971
2011 03 12 02 21 00 2 5291.969
2011 03 12 02 20 00 2 5291.979
2011 03 12 02 19 00 2 5291.983
2011 03 12 02 18 00 2 5291.982
2011 03 12 02 17 00 2 5291.978
2011 03 12 02 16 00 2 5291.979
2011 03 12 02 15 00 2 5291.975
2011 03 12 02 14 00 2 5291.982
2011 03 12 02 13 00 2 5291.983
2011 03 12 02 12 00 2 5291.979
2011 03 12 02 11 00 2 5291.983
2011 03 12 02 10 00 2 5291.990
2011 03 12 02 09 00 2 5291.994
2011 03 12 02 08 00 2 5291.996
2011 03 12 02 07 00 2 5291.988
2011 03 12 02 06 00 2 5292.006
2011 03 12 02 05 00 2 5291.992
2011 03 12 02 04 00 2 5291.976
2011 03 12 02 03 00 2 5291.992
2011 03 12 02 02 00 2 5291.992
2011 03 12 02 01 00 2 5292.009
2011 03 12 02 00 00 2 5292.021
2011 03 12 01 59 00 2 5292.022
2011 03 12 01 58 00 2 5292.043
2011 03 12 01 57 00 2 5292.047
2011 03 12 01 56 00 2 5292.048
2011 03 12 01 55 00 2 5292.059
2011 03 12 01 54 00 2 5292.066
2011 03 12 01 53 00 2 5292.072
2011 03 12 01 52 00 2 5292.082
2011 03 12 01 51 00 2 5292.085
2011 03 12 01 50 00 2 5292.082
2011 03 12 01 49 00 2 5292.087
2011 03 12 01 48 00 2 5292.091
2011 03 12 01 47 00 2 5292.081
2011 03 12 01 46 00 2 5292.077
2011 03 12 01 45 00 2 5292.083
2011 03 12 01 44 00 2 5292.088
2011 03 12 01 43 00 2 5292.084
2011 03 12 01 42 00 2 5292.083
2011 03 12 01 41 00 2 5292.082
2011 03 12 01 40 00 2 5292.092
2011 03 12 01 39 00 2 5292.092
2011 03 12 01 38 00 2 5292.092
2011 03 12 01 37 00 2 5292.098
2011 03 12 01 36 00 2 5292.100
2011 03 12 01 35 00 2 5292.093
2011 03 12 01 34 00 2 5292.095
2011 03 12 01 33 00 2 5292.103
2011 03 12 01 32 00 2 5292.102
2011 03 12 01 31 00 2 5292.097
2011 03 12 01 30 00 2 5292.088
2011 03 12 01 29 00 2 5292.081
2011 03 12 01 28 00 2 5292.091
2011 03 12 01 27 00 2 5292.101
2011 03 12 01 26 00 2 5292.107
2011 03 12 01 25 00 2 5292.117
2011 03 12 01 24 00 2 5292.130
2011 03 12 01 23 00 2 5292.130
2011 03 12 01 22 00 2 5292.135
2011 03 12 01 21 00 2 5292.122
2011 03 12 01 20 00 2 5292.118
2011 03 12 01 19 00 2 5292.126
2011 03 12 01 18 00 2 5292.131
2011 03 12 01 17 00 2 5292.139
2011 03 12 01 16 00 2 5292.135
2011 03 12 01 15 00 2 5292.138
2011 03 12 01 14 00 2 5292.157
2011 03 12 01 13 00 2 5292.159
2011 03 12 01 12 00 2 5292.157
2011 03 12 01 11 00 2 5292.161
2011 03 12 01 10 00 2 5292.142
2011 03 12 01 09 00 2 5292.137
2011 03 12 01 08 00 2 5292.157
2011 03 12 01 07 00 2 5292.146
2011 03 12 01 06 00 2 5292.147
2011 03 12 01 05 00 2 5292.153
2011 03 12 01 04 00 2 5292.158
2011 03 12 01 03 00 2 5292.165
2011 03 12 01 02 00 2 5292.150
2011 03 12 01 01 00 2 5292.144
2011 03 12 01 00 00 2 5292.138
2011 03 12 00 59 00 2 5292.137
2011 03 12 00 58 00 2 5292.137
2011 03 12 00 57 00 2 5292.146
2011 03 12 00 56 00 2 5292.146
2011 03 12 00 55 00 2 5292.165
2011 03 12 00 54 00 2 5292.174
2011 03 12 00 53 00 2 5292.161
2011 03 12 00 52 00 2 5292.168
2011 03 12 00 51 00 2 5292.179
2011 03 12 00 50 00 2 5292.164
2011 03 12 00 49 00 2 5292.166
2011 03 12 00 48 00 2 5292.186
2011 03 12 00 47 00 2 5292.176
2011 03 12 00 46 00 2 5292.177
2011 03 12 00 45 00 2 5292.194
2011 03 12 00 44 00 2 5292.201
2011 03 12 00 43 00 2 5292.222
2011 03 12 00 42 00 2 5292.231
2011 03 12 00 41 00 2 5292.222
2011 03 12 00 40 00 2 5292.227
2011 03 12 00 39 00 2 5292.232
2011 03 12 00 38 00 2 5292.229
2011 03 12 00 37 00 2 5292.233
2011 03 12 00 36 00 2 5292.230
2011 03 12 00 35 00 2 5292.245
2011 03 12 00 34 00 2 5292.255
2011 03 12 00 33 00 2 5292.237
2011 03 12 00 32 00 2 5292.230
2011 03 12 00 31 00 2 5292.257
2011 03 12 00 30 00 2 5292.256
2011 03 12 00 29 00 2 5292.243
2011 03 12 00 28 00 2 5292.261
2011 03 12 00 27 00 2 5292.265
2011 03 12 00 26 00 2 5292.257
2011 03 12 00 25 00 2 5292.273
2011 03 12 00 24 00 2 5292.290
2011 03 12 00 23 00 2 5292.272
2011 03 12 00 22 00 2 5292.266
2011 03 12 00 21 00 2 5292.283
2011 03 12 00 20 00 2 5292.290
2011 03 12 00 19 00 2 5292.300
2011 03 12 00 18 00 2 5292.314
2011 03 12 00 17 00 2 5292.303
2011 03 12 00 16 00 2 5292.306
2011 03 12 00 15 00 2 5292.311
2011 03 12 00 14 00 2 5292.315
2011 03 12 00 13 00 2 5292.328
2011 03 12 00 12 00 2 5292.342
2011 03 12 00 11 00 2 5292.337
2011 03 12 00 10 00 2 5292.329
2011 03 12 00 09 00 2 5292.326
2011 03 12 00 08 00 2 5292.338
2011 03 12 00 07 00 2 5292.351
2011 03 12 00 06 00 2 5292.357
2011 03 12 00 05 00 2 5292.354
2011 03 12 00 04 00 2 5292.346
2011 03 12 00 03 00 2 5292.340
2011 03 12 00 02 00 2 5292.323
2011 03 12 00 01 00 2 5292.330
2011 03 12 00 00 00 2 5292.346
2011 03 11 23 59 00 2 5292.341
2011 03 11 23 58 00 2 5292.350
2011 03 11 23 57 00 2 5292.361
2011 03 11 23 56 00 2 5292.366
2011 03 11 23 55 00 2 5292.367
2011 03 11 23 54 00 2 5292.363
2011 03 11 23 53 00 2 5292.367
2011 03 11 23 52 00 2 5292.367
2011 03 11 23 51 00 2 5292.359
2011 03 11 23 50 00 2 5292.356
2011 03 11 23 49 00 2 5292.354
2011 03 11 23 48 00 2 5292.352
2011 03 11 23 47 00 2 5292.350
2011 03 11 23 46 00 2 5292.359
2011 03 11 23 45 00 2 5292.374
2011 03 11 23 44 00 2 5292.405
2011 03 11 23 43 00 2 5292.411
2011 03 11 23 42 00 2 5292.408
2011 03 11 23 41 00 2 5292.418
2011 03 11 23 40 00 2 5292.416
2011 03 11 23 39 00 2 5292.413
2011 03 11 23 38 00 2 5292.411
2011 03 11 23 37 00 2 5292.427
2011 03 11 23 36 00 2 5292.434
2011 03 11 23 35 00 2 5292.421
2011 03 11 23 34 00 2 5292.426
2011 03 11 23 33 00 2 5292.440
2011 03 11 23 32 00 2 5292.446
2011 03 11 23 31 00 2 5292.453
2011 03 11 23 30 00 2 5292.450
2011 03 11 23 29 00 2 5292.459
2011 03 11 23 28 00 2 5292.473
2011 03 11 23 27 00 2 5292.465
2011 03 11 23 26 00 2 5292.452
2011 03 11 23 25 00 2 5292.443
2011 03 11 23 24 00 2 5292.446
2011 03 11 23 23 00 2 5292.453
2011 03 11 23 22 00 2 5292.459
2011 03 11 23 21 00 2 5292.456
2011 03 11 23 20 00 2 5292.467
2011 03 11 23 19 00 2 5292.489
2011 03 11 23 18 00 2 5292.495
2011 03 11 23 17 00 2 5292.497
2011 03 11 23 16 00 2 5292.501
2011 03 11 23 15 00 2 5292.505
2011 03 11 23 14 00 2 5292.507
2011 03 11 23 13 00 2 5292.515
2011 03 11 23 12 00 2 5292.521
2011 03 11 23 11 00 2 5292.522
2011 03 11 23 10 00 2 5292.521
2011 03 11 23 09 00 2 5292.524
2011 03 11 23 08 00 2 5292.518
2011 03 11 23 07 00 2 5292.495
2011 03 11 23 06 00 2 5292.487
2011 03 11 23 05 00 2 5292.503
2011 03 11 23 04 00 2 5292.503
2011 03 11 23 03 00 2 5292.490
2011 03 11 23 02 00 2 5292.494
2011 03 11 23 01 00 2 5292.505
2011 03 11 23 00 00 2 5292.509
2011 03 11 22 59 00 2 5292.514
2011 03 11 22 58 00 2 5292.523
2011 03 11 22 57 00 2 5292.533
2011 03 11 22 56 00 2 5292.543
2011 03 11 22 55 00 2 5292.543
2011 03 11 22 54 00 2 5292.541
2011 03 11 22 53 00 2 5292.552
2011 03 11 22 52 00 2 5292.553
2011 03 11 22 51 00 2 5292.546
2011 03 11 22 50 00 2 5292.551
2011 03 11 22 49 00 2 5292.567
2011 03 11 22 48 00 2 5292.567
2011 03 11 22 47 00 2 5292.557
2011 03 11 22 46 00 2 5292.541
2011 03 11 22 45 00 2 5292.544
2011 03 11 22 44 00 2 5292.543
2011 03 11 22 43 00 2 5292.550
2011 03 11 22 42 00 2 5292.579
2011 03 11 22 41 00 2 5292.589
2011 03 11 22 40 00 2 5292.584
2011 03 11 22 39 00 2 5292.589
2011 03 11 22 38 00 2 5292.596
2011 03 11 22 37 00 2 5292.578
2011 03 11 22 36 00 2 5292.568
2011 03 11 22 35 00 2 5292.564
2011 03 11 22 34 00 2 5292.567
2011 03 11 22 33 00 2 5292.568
2011 03 11 22 32 00 2 5292.575
2011 03 11 22 31 00 2 5292.580
2011 03 11 22 30 00 2 5292.569
2011 03 11 22 29 00 2 5292.564
2011 03 11 22 28 00 2 5292.567
2011 03 11 22 27 00 2 5292.579
2011 03 11 22 26 00 2 5292.591
2011 03 11 22 25 00 2 5292.585
2011 03 11 22 24 00 2 5292.593
2011 03 11 22 23 00 2 5292.595
2011 03 11 22 22 00 2 5292.601
2011 03 11 22 21 00 2 5292.601
2011 03 11 22 20 00 2 5292.611
2011 03 11 22 19 00 2 5292.633
2011 03 11 22 18 00 2 5292.617
2011 03 11 22 17 00 2 5292.616
2011 03 11 22 16 00 2 5292.607
2011 03 11 22 15 00 2 5292.621
2011 03 11 22 14 00 2 5292.633
2011 03 11 22 13 00 2 5292.632
2011 03 11 22 12 00 2 5292.645
2011 03 11 22 11 00 2 5292.637
2011 03 11 22 10 00 2 5292.644
2011 03 11 22 09 00 2 5292.646
2011 03 11 22 08 00 2 5292.640
2011 03 11 22 07 00 2 5292.648
2011 03 11 22 06 00 2 5292.649
2011 03 11 22 05 00 2 5292.644
2011 03 11 22 04 00 2 5292.653
2011 03 11 22 03 00 2 5292.670
2011 03 11 22 02 00 2 5292.680
2011 03 11 22 01 00 2 5292.673
2011 03 11 22 00 00 2 5292.679
2011 03 11 21 59 00 2 5292.685
2011 03 11 21 58 00 2 5292.673
2011 03 11 21 57 00 2 5292.676
2011 03 11 21 56 00 2 5292.682
2011 03 11 21 55 00 2 5292.685
2011 03 11 21 54 00 2 5292.701
2011 03 11 21 53 00 2 5292.712
2011 03 11 21 52 00 2 5292.718
2011 03 11 21 51 00 2 5292.720
2011 03 11 21 50 00 2 5292.720
2011 03 11 21 49 00 2 5292.728
2011 03 11 21 48 00 2 5292.723
2011 03 11 21 47 00 2 5292.723
2011 03 11 21 46 00 2 5292.721
2011 03 11 21 45 00 2 5292.718
2011 03 11 21 44 00 2 5292.723
2011 03 11 21 43 00 2 5292.707
2011 03 11 21 42 00 2 5292.692
2011 03 11 21 41 00 2 5292.707
2011 03 11 21 40 00 2 5292.720
2011 03 11 21 39 00 2 5292.710
2011 03 11 21 38 00 2 5292.704
2011 03 11 21 37 00 2 5292.693
2011 03 11 21 36 00 2 5292.687
2011 03 11 21 35 00 2 5292.702
2011 03 11 21 34 00 2 5292.705
2011 03 11 21 33 00 2 5292.699
2011 03 11 21 32 00 2 5292.706
2011 03 11 21 31 00 2 5292.717
2011 03 11 21 30 00 2 5292.721
2011 03 11 21 29 00 2 5292.715
2011 03 11 21 28 00 2 5292.705
2011 03 11 21 27 00 2 5292.697
2011 03 11 21 26 00 2 5292.694
2011 03 11 21 25 00 2 5292.701
2011 03 11 21 24 00 2 5292.698
2011 03 11 21 23 00 2 5292.682
2011 03 11 21 22 00 2 5292.684
2011 03 11 21 21 00 2 5292.691
2011 03 11 21 20 00 2 5292.690
2011 03 11 21 19 00 2 5292.701
2011 03 11 21 18 00 2 5292.716
2011 03 11 21 17 00 2 5292.718
2011 03 11 21 16 00 2 5292.732
2011 03 11 21 15 00 2 5292.761
2011 03 11 21 14 00 2 5292.763
2011 03 11 21 13 00 2 5292.760
2011 03 11 21 12 00 2 5292.768
2011 03 11 21 11 00 2 5292.781
2011 03 11 21 10 00 2 5292.785
2011 03 11 21 09 00 2 5292.786
2011 03 11 21 08 00 2 5292.798
2011 03 11 21 07 00 2 5292.806
2011 03 11 21 06 00 2 5292.797
2011 03 11 21 05 00 2 5292.790
2011 03 11 21 04 00 2 5292.792
2011 03 11 21 03 00 2 5292.804
2011 03 11 21 02 00 2 5292.792
2011 03 11 21 01 00 2 5292.793
2011 03 11 21 00 00 2 5292.808
2011 03 11 20 59 00 2 5292.797
2011 03 11 20 58 00 2 5292.782
2011 03 11 20 57 00 2 5292.785
2011 03 11 20 56 00 2 5292.779
2011 03 11 20 55 00 2 5292.778
2011 03 11 20 54 00 2 5292.777
2011 03 11 20 53 00 2 5292.748
2011 03 11 20 52 00 2 5292.729
2011 03 11 20 51 00 2 5292.723
2011 03 11 20 50 00 2 5292.735
2011 03 11 20 49 00 2 5292.752
2011 03 11 20 48 00 2 5292.750
2011 03 11 20 47 00 2 5292.743
2011 03 11 20 46 00 2 5292.739
2011 03 11 20 45 00 2 5292.740
2011 03 11 20 44 00 2 5292.739
2011 03 11 20 43 00 2 5292.743
2011 03 11 20 42 00 2 5292.743
2011 03 11 20 41 00 2 5292.757
2011 03 11 20 40 00 2 5292.768
2011 03 11 20 39 00 2 5292.761
2011 03 11 20 38 00 2 5292.779
2011 03 11 20 37 00 2 5292.786
2011 03 11 20 36 00 2 5292.771
2011 03 11 20 35 00 2 5292.791
2011 03 11 20 34 00 2 5292.800
2011 03 11 20 33 00 2 5292.794
2011 03 11 20 32 00 2 5292.803
2011 03 11 20 31 00 2 5292.792
2011 03 11 20 30 00 2 5292.784
2011 03 11 20 29 00 2 5292.794
2011 03 11 20 28 00 2 5292.787
2011 03 11 20 27 00 2 5292.791
2011 03 11 20 26 00 2 5292.793
2011 03 11 20 25 00 2 5292.766
2011 03 11 20 24 00 2 5292.764
2011 03 11 20 23 00 2 5292.779
2011 03 11 20 22 00 2 5292.782
2011 03 11 20 21 00 2 5292.765
2011 03 11 20 20 00 2 5292.774
2011 03 11 20 19 00 2 5292.784
2011 03 11 20 18 00 2 5292.781
2011 03 11 20 17 00 2 5292.780
2011 03 11 20 16 00 2 5292.772
2011 03 11 20 15 00 2 5292.775
2011 03 11 20 14 00 2 5292.793
2011 03 11 20 13 00 2 5292.788
2011 03 11 20 12 00 2 5292.771
2011 03 11 20 11 00 2 5292.774
2011 03 11 20 10 00 2 5292.772
2011 03 11 20 09 00 2 5292.752
2011 03 11 20 08 00 2 5292.750
2011 03 11 20 07 00 2 5292.750
2011 03 11 20 06 00 2 5292.741
2011 03 11 20 05 00 2 5292.748
2011 03 11 20 04 00 2 5292.732
2011 03 11 20 03 00 2 5292.714
2011 03 11 20 02 00 2 5292.708
2011 03 11 20 01 00 2 5292.706
2011 03 11 20 00 00 2 5292.717
2011 03 11 19 59 00 2 5292.702
2011 03 11 19 58 00 2 5292.683
2011 03 11 19 57 00 2 5292.709
2011 03 11 19 56 00 2 5292.735
2011 03 11 19 55 00 2 5292.727
2011 03 11 19 54 00 2 5292.721
2011 03 11 19 53 00 2 5292.737
2011 03 11 19 52 00 2 5292.741
2011 03 11 19 51 00 2 5292.722
2011 03 11 19 50 00 2 5292.716
2011 03 11 19 49 00 2 5292.716
2011 03 11 19 48 00 2 5292.708
2011 03 11 19 47 00 2 5292.726
2011 03 11 19 46 00 2 5292.740
2011 03 11 19 45 00 2 5292.731
2011 03 11 19 44 00 2 5292.726
2011 03 11 19 43 00 2 5292.733
2011 03 11 19 42 00 2 5292.745
2011 03 11 19 41 00 2 5292.749
2011 03 11 19 40 00 2 5292.759
2011 03 11 19 39 00 2 5292.757
2011 03 11 19 38 00 2 5292.754
2011 03 11 19 37 00 2 5292.763
2011 03 11 19 36 00 2 5292.768
2011 03 11 19 35 00 2 5292.780
2011 03 11 19 34 00 2 5292.786
2011 03 11 19 33 00 2 5292.779
2011 03 11 19 32 00 2 5292.793
2011 03 11 19 31 00 2 5292.808
2011 03 11 19 30 00 2 5292.823
2011 03 11 19 29 00 2 5292.835
2011 03 11 19 28 00 2 5292.829
2011 03 11 19 27 00 2 5292.826
2011 03 11 19 26 00 2 5292.820
2011 03 11 19 25 00 2 5292.806
2011 03 11 19 24 00 2 5292.812
2011 03 11 19 23 00 2 5292.815
2011 03 11 19 22 00 2 5292.815
2011 03 11 19 21 00 2 5292.821
2011 03 11 19 20 00 2 5292.819
2011 03 11 19 19 00 2 5292.789
2011 03 11 19 18 00 2 5292.745
2011 03 11 19 17 00 2 5292.742
2011 03 11 19 16 00 2 5292.743
2011 03 11 19 15 00 2 5292.728
2011 03 11 19 14 00 2 5292.706
2011 03 11 19 13 00 2 5292.710
2011 03 11 19 12 00 2 5292.723
2011 03 11 19 11 00 2 5292.715
2011 03 11 19 10 00 2 5292.717
2011 03 11 19 09 00 2 5292.708
2011 03 11 19 08 00 2 5292.712
2011 03 11 19 07 00 2 5292.719
2011 03 11 19 06 00 2 5292.723
2011 03 11 19 05 00 2 5292.735
2011 03 11 19 04 00 2 5292.732
2011 03 11 19 03 00 2 5292.712
2011 03 11 19 02 00 2 5292.708
2011 03 11 19 01 00 2 5292.702
2011 03 11 19 00 00 2 5292.725
2011 03 11 18 59 00 2 5292.749
2011 03 11 18 58 00 2 5292.759
2011 03 11 18 57 00 2 5292.764
2011 03 11 18 56 00 2 5292.767
2011 03 11 18 55 00 2 5292.773
2011 03 11 18 54 00 2 5292.793
2011 03 11 18 53 00 2 5292.793
2011 03 11 18 52 00 2 5292.766
2011 03 11 18 51 00 2 5292.765
2011 03 11 18 50 00 2 5292.782
2011 03 11 18 49 00 2 5292.773
2011 03 11 18 48 00 2 5292.763
2011 03 11 18 47 00 2 5292.770
2011 03 11 18 46 00 2 5292.757
2011 03 11 18 45 00 2 5292.750
2011 03 11 18 44 00 2 5292.763
2011 03 11 18 43 00 2 5292.763
2011 03 11 18 42 00 2 5292.752
2011 03 11 18 41 00 2 5292.744
2011 03 11 18 40 00 2 5292.740
2011 03 11 18 39 00 2 5292.736
2011 03 11 18 38 00 2 5292.724
2011 03 11 18 37 00 2 5292.724
2011 03 11 18 36 00 2 5292.730
2011 03 11 18 35 00 2 5292.707
2011 03 11 18 34 00 2 5292.697
2011 03 11 18 33 00 2 5292.688
2011 03 11 18 32 00 2 5292.699
2011 03 11 18 31 00 2 5292.711
2011 03 11 18 30 00 2 5292.694
2011 03 11 18 29 00 2 5292.680
2011 03 11 18 28 00 2 5292.686
2011 03 11 18 27 00 2 5292.698
2011 03 11 18 26 00 2 5292.704
2011 03 11 18 25 00 2 5292.706
2011 03 11 18 24 00 2 5292.703
2011 03 11 18 23 00 2 5292.714
2011 03 11 18 22 00 2 5292.721
2011 03 11 18 21 00 2 5292.721
2011 03 11 18 20 00 2 5292.705
2011 03 11 18 19 00 2 5292.688
2011 03 11 18 18 00 2 5292.681
2011 03 11 18 17 00 2 5292.684
2011 03 11 18 16 00 2 5292.690
2011 03 11 18 15 00 2 5292.689
2011 03 11 18 14 00 2 5292.674
2011 03 11 18 13 00 2 5292.674
2011 03 11 18 12 00 2 5292.671
2011 03 11 18 11 00 2 5292.660
2011 03 11 18 10 00 2 5292.659
2011 03 11 18 09 00 2 5292.663
2011 03 11 18 08 00 2 5292.658
2011 03 11 18 07 00 2 5292.649
2011 03 11 18 06 00 2 5292.641
2011 03 11 18 05 00 2 5292.654
2011 03 11 18 04 00 2 5292.665
2011 03 11 18 03 00 2 5292.652
2011 03 11 18 02 00 2 5292.655
2011 03 11 18 01 00 2 5292.667
2011 03 11 18 00 00 2 5292.667
2011 03 11 17 59 00 2 5292.656
2011 03 11 17 58 00 2 5292.648
2011 03 11 17 57 00 2 5292.660
2011 03 11 17 56 00 2 5292.662
2011 03 11 17 55 00 2 5292.656
2011 03 11 17 54 00 2 5292.670
2011 03 11 17 53 00 2 5292.666
2011 03 11 17 52 00 2 5292.662
2011 03 11 17 51 00 2 5292.670
2011 03 11 17 50 00 2 5292.674
2011 03 11 17 49 00 2 5292.658
2011 03 11 17 48 00 2 5292.639
2011 03 11 17 47 00 2 5292.618
2011 03 11 17 46 00 2 5292.604
2011 03 11 17 45 00 2 5292.597
2011 03 11 17 44 00 2 5292.588
2011 03 11 17 43 00 2 5292.599
2011 03 11 17 42 00 2 5292.604
2011 03 11 17 41 00 2 5292.594
2011 03 11 17 40 00 2 5292.592
2011 03 11 17 39 00 2 5292.590
2011 03 11 17 38 00 2 5292.598
2011 03 11 17 37 00 2 5292.588
2011 03 11 17 36 00 2 5292.582
2011 03 11 17 35 00 2 5292.594
2011 03 11 17 34 00 2 5292.627
2011 03 11 17 33 00 2 5292.643
2011 03 11 17 32 00 2 5292.635
2011 03 11 17 31 00 2 5292.631
2011 03 11 17 30 00 2 5292.645
2011 03 11 17 29 00 2 5292.651
2011 03 11 17 28 00 2 5292.632
2011 03 11 17 27 00 2 5292.620
2011 03 11 17 26 00 2 5292.622
2011 03 11 17 25 00 2 5292.649
2011 03 11 17 24 00 2 5292.646
2011 03 11 17 23 00 2 5292.621
2011 03 11 17 22 00 2 5292.619
2011 03 11 17 21 00 2 5292.629
2011 03 11 17 20 00 2 5292.629
2011 03 11 17 19 00 2 5292.640
2011 03 11 17 18 00 2 5292.656
2011 03 11 17 17 00 2 5292.647
2011 03 11 17 16 00 2 5292.617
2011 03 11 17 15 00 2 5292.579
2011 03 11 17 14 00 2 5292.572
2011 03 11 17 13 00 2 5292.559
2011 03 11 17 12 00 2 5292.558
2011 03 11 17 11 00 2 5292.566
2011 03 11 17 10 00 2 5292.556
2011 03 11 17 09 00 2 5292.578
2011 03 11 17 08 00 2 5292.607
2011 03 11 17 07 00 2 5292.600
2011 03 11 17 06 00 2 5292.596
2011 03 11 17 05 00 2 5292.601
2011 03 11 17 04 00 2 5292.607
2011 03 11 17 03 00 2 5292.623
2011 03 11 17 02 00 2 5292.633
2011 03 11 17 01 00 2 5292.618
2011 03 11 17 00 00 2 5292.594
2011 03 11 16 59 00 2 5292.591
2011 03 11 16 58 00 2 5292.569
2011 03 11 16 57 00 2 5292.550
2011 03 11 16 56 00 2 5292.564
2011 03 11 16 55 00 2 5292.578
2011 03 11 16 54 00 2 5292.567
2011 03 11 16 53 00 2 5292.554
2011 03 11 16 52 00 2 5292.559
2011 03 11 16 51 00 2 5292.573
2011 03 11 16 50 00 2 5292.575
2011 03 11 16 49 00 2 5292.573
2011 03 11 16 48 00 2 5292.567
2011 03 11 16 47 00 2 5292.551
2011 03 11 16 46 00 2 5292.553
2011 03 11 16 45 00 2 5292.566
2011 03 11 16 44 00 2 5292.583
2011 03 11 16 43 00 2 5292.582
2011 03 11 16 42 00 2 5292.548
2011 03 11 16 41 00 2 5292.548
2011 03 11 16 40 00 2 5292.560
2011 03 11 16 39 00 2 5292.556
2011 03 11 16 38 00 2 5292.543
2011 03 11 16 37 00 2 5292.532
2011 03 11 16 36 00 2 5292.524
2011 03 11 16 35 00 2 5292.508
2011 03 11 16 34 00 2 5292.512
2011 03 11 16 33 00 2 5292.521
2011 03 11 16 32 00 2 5292.531
2011 03 11 16 31 00 2 5292.534
2011 03 11 16 30 00 2 5292.534
2011 03 11 16 29 00 2 5292.556
2011 03 11 16 28 00 2 5292.569
2011 03 11 16 27 00 2 5292.552
2011 03 11 16 26 00 2 5292.525
2011 03 11 16 25 00 2 5292.524
2011 03 11 16 24 00 2 5292.523
2011 03 11 16 23 00 2 5292.514
2011 03 11 16 22 00 2 5292.514
2011 03 11 16 21 00 2 5292.494
2011 03 11 16 20 00 2 5292.483
2011 03 11 16 19 00 2 5292.498
2011 03 11 16 18 00 2 5292.528
2011 03 11 16 17 00 2 5292.519
2011 03 11 16 16 00 2 5292.518
2011 03 11 16 15 00 2 5292.542
2011 03 11 16 14 00 2 5292.550
2011 03 11 16 13 00 2 5292.551
2011 03 11 16 12 00 2 5292.554
2011 03 11 16 11 00 2 5292.559
2011 03 11 16 10 00 2 5292.570
2011 03 11 16 09 00 2 5292.560
2011 03 11 16 08 00 2 5292.548
2011 03 11 16 07 00 2 5292.528
2011 03 11 16 06 00 2 5292.490
2011 03 11 16 05 00 2 5292.495
2011 03 11 16 04 00 2 5292.504
2011 03 11 16 03 00 2 5292.512
2011 03 11 16 02 00 2 5292.509
2011 03 11 16 01 00 2 5292.504
2011 03 11 16 00 00 2 5292.528
2011 03 11 15 59 00 2 5292.542
2011 03 11 15 58 00 2 5292.538
2011 03 11 15 57 00 2 5292.511
2011 03 11 15 56 00 2 5292.488
2011 03 11 15 55 00 2 5292.477
2011 03 11 15 54 00 2 5292.486
2011 03 11 15 53 00 2 5292.491
2011 03 11 15 52 00 2 5292.479
2011 03 11 15 51 00 2 5292.475
2011 03 11 15 50 00 2 5292.462
2011 03 11 15 49 00 2 5292.458
2011 03 11 15 48 00 2 5292.449
2011 03 11 15 47 00 2 5292.449
2011 03 11 15 46 00 2 5292.482
2011 03 11 15 45 00 2 5292.497
2011 03 11 15 44 00 2 5292.491
2011 03 11 15 43 00 2 5292.484
2011 03 11 15 42 00 2 5292.501
2011 03 11 15 41 00 2 5292.519
2011 03 11 15 40 00 2 5292.513
2011 03 11 15 39 00 2 5292.526
2011 03 11 15 38 00 2 5292.538
2011 03 11 15 37 00 2 5292.533
2011 03 11 15 36 00 2 5292.516
2011 03 11 15 35 00 2 5292.489
2011 03 11 15 34 00 2 5292.503
2011 03 11 15 33 00 2 5292.508
2011 03 11 15 32 00 2 5292.511
2011 03 11 15 31 00 2 5292.512
2011 03 11 15 30 00 2 5292.487
2011 03 11 15 29 00 2 5292.479
2011 03 11 15 28 00 2 5292.474
2011 03 11 15 27 00 2 5292.452
2011 03 11 15 26 00 2 5292.432
2011 03 11 15 25 00 2 5292.448
2011 03 11 15 24 00 2 5292.461
2011 03 11 15 23 00 2 5292.469
2011 03 11 15 22 00 2 5292.467
2011 03 11 15 21 00 2 5292.438
2011 03 11 15 20 00 2 5292.460
2011 03 11 15 19 00 2 5292.494
2011 03 11 15 18 00 2 5292.501
2011 03 11 15 17 00 2 5292.517
2011 03 11 15 16 00 2 5292.508
2011 03 11 15 15 00 2 5292.483
2011 03 11 15 14 00 2 5292.474
2011 03 11 15 13 00 2 5292.462
2011 03 11 15 12 00 2 5292.455
2011 03 11 15 11 00 2 5292.459
2011 03 11 15 10 00 2 5292.450
2011 03 11 15 09 00 2 5292.450
2011 03 11 15 08 00 2 5292.449
2011 03 11 15 07 00 2 5292.452
2011 03 11 15 06 00 2 5292.436
2011 03 11 15 05 00 2 5292.390
2011 03 11 15 04 00 2 5292.394
2011 03 11 15 03 00 2 5292.427
2011 03 11 15 02 00 2 5292.418
2011 03 11 15 01 00 2 5292.419
2011 03 11 15 00 00 2 5292.428
2011 03 11 14 59 00 2 5292.433
2011 03 11 14 58 00 2 5292.452
2011 03 11 14 57 00 2 5292.456
2011 03 11 14 56 00 2 5292.450
2011 03 11 14 55 00 2 5292.458
2011 03 11 14 54 00 2 5292.477
2011 03 11 14 53 00 2 5292.470
2011 03 11 14 52 00 2 5292.453
2011 03 11 14 51 00 2 5292.446
2011 03 11 14 50 00 2 5292.427
2011 03 11 14 49 00 2 5292.402
2011 03 11 14 48 00 2 5292.380
2011 03 11 14 47 00 2 5292.373
2011 03 11 14 46 00 2 5292.372
2011 03 11 14 45 00 2 5292.368
2011 03 11 14 44 00 2 5292.410
2011 03 11 14 43 00 2 5292.452
2011 03 11 14 42 00 2 5292.437
2011 03 11 14 41 00 2 5292.435
2011 03 11 14 40 00 2 5292.457
2011 03 11 14 39 00 2 5292.456
2011 03 11 14 38 00 2 5292.465
2011 03 11 14 37 00 2 5292.469
2011 03 11 14 36 00 2 5292.486
2011 03 11 14 35 00 2 5292.506
2011 03 11 14 34 00 2 5292.512
2011 03 11 14 33 00 2 5292.525
2011 03 11 14 32 00 2 5292.537
2011 03 11 14 31 00 2 5292.530
2011 03 11 14 30 00 2 5292.517
2011 03 11 14 29 00 2 5292.514
2011 03 11 14 28 00 2 5292.501
2011 03 11 14 27 00 2 5292.475
2011 03 11 14 26 00 2 5292.466
2011 03 11 14 25 00 2 5292.468
2011 03 11 14 24 00 2 5292.493
2011 03 11 14 23 00 2 5292.491
2011 03 11 14 22 00 2 5292.474
2011 03 11 14 21 00 2 5292.456
2011 03 11 14 20 00 2 5292.419
2011 03 11 14 19 00 2 5292.409
2011 03 11 14 18 00 2 5292.434
2011 03 11 14 17 00 2 5292.444
2011 03 11 14 16 00 2 5292.447
2011 03 11 14 15 00 2 5292.433
2011 03 11 14 14 00 2 5292.411
2011 03 11 14 13 00 2 5292.430
2011 03 11 14 12 00 2 5292.428
2011 03 11 14 11 00 2 5292.434
2011 03 11 14 10 00 2 5292.461
2011 03 11 14 09 00 2 5292.440
2011 03 11 14 08 00 2 5292.424
2011 03 11 14 07 00 2 5292.414
2011 03 11 14 06 00 2 5292.387
2011 03 11 14 05 00 2 5292.421
2011 03 11 14 04 00 2 5292.441
2011 03 11 14 03 00 2 5292.435
2011 03 11 14 02 00 2 5292.454
2011 03 11 14 01 00 2 5292.433
2011 03 11 14 00 00 2 5292.452
2011 03 11 13 59 00 2 5292.463
2011 03 11 13 58 00 2 5292.451
2011 03 11 13 57 00 2 5292.474
2011 03 11 13 56 00 2 5292.457
2011 03 11 13 55 00 2 5292.428
2011 03 11 13 54 00 2 5292.432
2011 03 11 13 53 00 2 5292.419
2011 03 11 13 52 00 2 5292.399
2011 03 11 13 51 00 2 5292.420
2011 03 11 13 50 00 2 5292.436
2011 03 11 13 49 00 2 5292.453
2011 03 11 13 48 00 2 5292.503
2011 03 11 13 47 00 2 5292.501
2011 03 11 13 46 00 2 5292.464
2011 03 11 13 45 00 2 5292.452
2011 03 11 13 44 00 2 5292.406
2011 03 11 13 43 00 2 5292.388
2011 03 11 13 42 00 2 5292.405
2011 03 11 13 41 00 2 5292.400
2011 03 11 13 40 00 2 5292.419
2011 03 11 13 39 00 2 5292.424
2011 03 11 13 38 00 2 5292.409
2011 03 11 13 37 00 2 5292.425
2011 03 11 13 36 00 2 5292.441
2011 03 11 13 35 00 2 5292.444
2011 03 11 13 34 00 2 5292.459
2011 03 11 13 33 00 2 5292.471
2011 03 11 13 32 00 2 5292.469
2011 03 11 13 31 00 2 5292.470
2011 03 11 13 30 00 2 5292.475
2011 03 11 13 29 00 2 5292.456
2011 03 11 13 28 00 2 5292.460
2011 03 11 13 27 00 2 5292.495
2011 03 11 13 26 00 2 5292.478
2011 03 11 13 25 00 2 5292.449
2011 03 11 13 24 00 2 5292.456
2011 03 11 13 23 00 2 5292.465
2011 03 11 13 22 00 2 5292.434
2011 03 11 13 21 00 2 5292.414
2011 03 11 13 20 00 2 5292.430
2011 03 11 13 19 00 2 5292.417
2011 03 11 13 18 00 2 5292.396
2011 03 11 13 17 00 2 5292.416
2011 03 11 13 16 00 2 5292.426
2011 03 11 13 15 00 2 5292.434
2011 03 11 13 14 00 2 5292.449
2011 03 11 13 13 00 2 5292.465
2011 03 11 13 12 00 2 5292.482
2011 03 11 13 11 00 2 5292.452
2011 03 11 13 10 00 2 5292.432
2011 03 11 13 09 00 2 5292.455
2011 03 11 13 08 00 2 5292.451
2011 03 11 13 07 00 2 5292.437
2011 03 11 13 06 00 2 5292.467
2011 03 11 13 05 00 2 5292.459
2011 03 11 13 04 00 2 5292.423
2011 03 11 13 03 00 2 5292.420
2011 03 11 13 02 00 2 5292.436
2011 03 11 13 01 00 2 5292.439
2011 03 11 13 00 00 2 5292.425
2011 03 11 12 59 00 2 5292.425
2011 03 11 12 58 00 2 5292.438
2011 03 11 12 57 00 2 5292.425
2011 03 11 12 56 00 2 5292.440
2011 03 11 12 55 00 2 5292.471
2011 03 11 12 54 00 2 5292.467
2011 03 11 12 53 00 2 5292.467
2011 03 11 12 52 00 2 5292.468
2011 03 11 12 51 00 2 5292.469
2011 03 11 12 50 00 2 5292.453
2011 03 11 12 49 00 2 5292.436
2011 03 11 12 48 00 2 5292.457
2011 03 11 12 47 00 2 5292.475
2011 03 11 12 46 00 2 5292.459
2011 03 11 12 45 00 2 5292.470
2011 03 11 12 44 00 2 5292.467
2011 03 11 12 43 00 2 5292.442
2011 03 11 12 42 00 2 5292.446
2011 03 11 12 41 00 2 5292.445
2011 03 11 12 40 00 2 5292.417
2011 03 11 12 39 00 2 5292.428
2011 03 11 12 38 00 2 5292.461
2011 03 11 12 37 00 2 5292.461
2011 03 11 12 36 00 2 5292.431
2011 03 11 12 35 00 2 5292.409
2011 03 11 12 34 00 2 5292.421
2011 03 11 12 33 00 2 5292.458
2011 03 11 12 32 00 2 5292.475
2011 03 11 12 31 00 2 5292.470
2011 03 11 12 30 00 2 5292.460
2011 03 11 12 29 00 2 5292.440
2011 03 11 12 28 00 2 5292.436
2011 03 11 12 27 00 2 5292.469
2011 03 11 12 26 00 2 5292.477
2011 03 11 12 25 00 2 5292.430
2011 03 11 12 24 00 2 5292.415
2011 03 11 12 23 00 2 5292.431
2011 03 11 12 22 00 2 5292.448
2011 03 11 12 21 00 2 5292.463
2011 03 11 12 20 00 2 5292.468
2011 03 11 12 19 00 2 5292.478
2011 03 11 12 18 00 2 5292.491
2011 03 11 12 17 00 2 5292.475
2011 03 11 12 16 00 2 5292.452
2011 03 11 12 15 00 2 5292.488
2011 03 11 12 14 00 2 5292.537
2011 03 11 12 13 00 2 5292.536
2011 03 11 12 12 00 2 5292.520
2011 03 11 12 11 00 2 5292.524
2011 03 11 12 10 00 2 5292.546
2011 03 11 12 09 00 2 5292.563
2011 03 11 12 08 00 2 5292.573
2011 03 11 12 07 00 2 5292.547
2011 03 11 12 06 00 2 5292.519
2011 03 11 12 05 00 2 5292.533
2011 03 11 12 04 00 2 5292.538
2011 03 11 12 03 00 2 5292.527
2011 03 11 12 02 00 2 5292.521
2011 03 11 12 01 00 2 5292.522
2011 03 11 12 00 00 2 5292.514
2011 03 11 11 59 00 2 5292.500
2011 03 11 11 58 00 2 5292.464
2011 03 11 11 57 00 2 5292.449
2011 03 11 11 56 00 2 5292.444
2011 03 11 11 55 00 2 5292.444
2011 03 11 11 54 00 2 5292.479
2011 03 11 11 53 00 2 5292.498
2011 03 11 11 52 00 2 5292.485
2011 03 11 11 51 00 2 5292.466
2011 03 11 11 50 00 2 5292.462
2011 03 11 11 49 00 2 5292.452
2011 03 11 11 48 00 2 5292.429
2011 03 11 11 47 00 2 5292.394
2011 03 11 11 46 00 2 5292.398
2011 03 11 11 45 00 2 5292.414
2011 03 11 11 44 00 2 5292.411
2011 03 11 11 43 00 2 5292.400
2011 03 11 11 42 00 2 5292.405
2011 03 11 11 41 00 2 5292.426
2011 03 11 11 40 00 2 5292.450
2011 03 11 11 39 00 2 5292.462
2011 03 11 11 38 00 2 5292.468
2011 03 11 11 37 00 2 5292.482
2011 03 11 11 36 00 2 5292.490
2011 03 11 11 35 00 2 5292.508
2011 03 11 11 34 00 2 5292.519
2011 03 11 11 33 00 2 5292.512
2011 03 11 11 32 00 2 5292.522
2011 03 11 11 31 00 2 5292.550
2011 03 11 11 30 00 2 5292.530
2011 03 11 11 29 00 2 5292.506
2011 03 11 11 28 00 2 5292.495
2011 03 11 11 27 00 2 5292.506
2011 03 11 11 26 00 2 5292.510
2011 03 11 11 25 00 2 5292.492
2011 03 11 11 24 00 2 5292.496
2011 03 11 11 23 00 2 5292.512
2011 03 11 11 22 00 2 5292.523
2011 03 11 11 21 00 2 5292.547
2011 03 11 11 20 00 2 5292.552
2011 03 11 11 19 00 2 5292.528
2011 03 11 11 18 00 2 5292.510
2011 03 11 11 17 00 2 5292.504
2011 03 11 11 16 00 2 5292.505
2011 03 11 11 15 00 2 5292.501
2011 03 11 11 14 00 2 5292.493
2011 03 11 11 13 00 2 5292.524
2011 03 11 11 12 00 2 5292.561
2011 03 11 11 11 00 2 5292.551
2011 03 11 11 10 00 2 5292.544
2011 03 11 11 09 00 2 5292.567
2011 03 11 11 08 00 2 5292.605
2011 03 11 11 07 00 2 5292.632
2011 03 11 11 06 00 2 5292.607
2011 03 11 11 05 00 2 5292.581
2011 03 11 11 04 00 2 5292.579
2011 03 11 11 03 00 2 5292.594
2011 03 11 11 02 00 2 5292.597
2011 03 11 11 01 00 2 5292.582
2011 03 11 11 00 00 2 5292.554
2011 03 11 10 59 00 2 5292.544
2011 03 11 10 58 00 2 5292.541
2011 03 11 10 57 00 2 5292.534
2011 03 11 10 56 00 2 5292.513
2011 03 11 10 55 00 2 5292.493
2011 03 11 10 54 00 2 5292.479
2011 03 11 10 53 00 2 5292.475
2011 03 11 10 52 00 2 5292.482
2011 03 11 10 51 00 2 5292.485
2011 03 11 10 50 00 2 5292.475
2011 03 11 10 49 00 2 5292.479
2011 03 11 10 48 00 2 5292.499
2011 03 11 10 47 00 2 5292.516
2011 03 11 10 46 00 2 5292.501
2011 03 11 10 45 00 2 5292.505
2011 03 11 10 44 00 2 5292.512
2011 03 11 10 43 00 2 5292.525
2011 03 11 10 42 00 2 5292.547
2011 03 11 10 41 00 2 5292.568
2011 03 11 10 40 00 2 5292.557
2011 03 11 10 39 00 2 5292.552
2011 03 11 10 38 00 2 5292.555
2011 03 11 10 37 00 2 5292.524
2011 03 11 10 36 00 2 5292.502
2011 03 11 10 35 00 2 5292.533
2011 03 11 10 34 00 2 5292.552
2011 03 11 10 33 00 2 5292.532
2011 03 11 10 32 00 2 5292.526
2011 03 11 10 31 00 2 5292.521
2011 03 11 10 30 00 2 5292.496
2011 03 11 10 29 00 2 5292.487
2011 03 11 10 28 00 2 5292.485
2011 03 11 10 27 00 2 5292.500
2011 03 11 10 26 00 2 5292.513
2011 03 11 10 25 00 2 5292.511
2011 03 11 10 24 00 2 5292.511
2011 03 11 10 23 00 2 5292.548
2011 03 11 10 22 00 2 5292.572
2011 03 11 10 21 00 2 5292.533
2011 03 11 10 20 00 2 5292.514
2011 03 11 10 19 00 2 5292.526
2011 03 11 10 18 00 2 5292.538
2011 03 11 10 17 00 2 5292.544
2011 03 11 10 16 00 2 5292.532
2011 03 11 10 15 00 2 5292.523
2011 03 11 10 14 00 2 5292.490
2011 03 11 10 13 00 2 5292.483
2011 03 11 10 12 00 2 5292.470
2011 03 11 10 11 00 2 5292.453
2011 03 11 10 10 00 2 5292.439
2011 03 11 10 09 00 2 5292.418
2011 03 11 10 08 00 2 5292.403
2011 03 11 10 07 00 2 5292.393
2011 03 11 10 06 00 2 5292.379
2011 03 11 10 05 00 2 5292.365
2011 03 11 10 04 00 2 5292.354
2011 03 11 10 03 00 2 5292.350
2011 03 11 10 02 00 2 5292.356
2011 03 11 10 01 00 2 5292.364
2011 03 11 10 00 00 2 5292.373
2011 03 11 09 59 00 2 5292.392
2011 03 11 09 58 00 2 5292.424
2011 03 11 09 57 00 2 5292.446
2011 03 11 09 56 00 2 5292.476
2011 03 11 09 55 00 2 5292.497
2011 03 11 09 54 00 2 5292.504
2011 03 11 09 53 00 2 5292.521
2011 03 11 09 52 00 2 5292.526
2011 03 11 09 51 00 2 5292.550
2011 03 11 09 50 00 2 5292.549
2011 03 11 09 49 00 2 5292.556
2011 03 11 09 48 00 2 5292.551
2011 03 11 09 47 00 2 5292.559
2011 03 11 09 46 00 2 5292.575
2011 03 11 09 45 00 2 5292.596
2011 03 11 09 44 00 2 5292.593
2011 03 11 09 43 00 2 5292.585
2011 03 11 09 42 00 2 5292.563
2011 03 11 09 41 00 2 5292.555
2011 03 11 09 40 00 2 5292.563
2011 03 11 09 39 00 2 5292.592
2011 03 11 09 38 00 2 5292.612
2011 03 11 09 37 00 2 5292.626
2011 03 11 09 36 00 2 5292.616
2011 03 11 09 35 00 2 5292.606
2011 03 11 09 34 00 2 5292.603
2011 03 11 09 33 00 2 5292.587
2011 03 11 09 32 00 2 5292.577
2011 03 11 09 31 00 2 5292.554
2011 03 11 09 30 00 2 5292.546
2011 03 11 09 29 00 2 5292.540
2011 03 11 09 28 00 2 5292.515
2011 03 11 09 27 00 2 5292.509
2011 03 11 09 26 00 2 5292.499
2011 03 11 09 25 00 2 5292.484
2011 03 11 09 24 00 2 5292.468
2011 03 11 09 23 00 2 5292.466
2011 03 11 09 22 00 2 5292.472
2011 03 11 09 21 00 2 5292.466
2011 03 11 09 20 00 2 5292.464
2011 03 11 09 19 00 2 5292.471
2011 03 11 09 18 00 2 5292.464
2011 03 11 09 17 00 2 5292.439
2011 03 11 09 16 00 2 5292.438
2011 03 11 09 15 00 2 5292.431
2011 03 11 09 14 00 2 5292.411
2011 03 11 09 13 00 2 5292.409
2011 03 11 09 12 00 2 5292.392
2011 03 11 09 11 00 2 5292.414
2011 03 11 09 10 00 2 5292.413
2011 03 11 09 09 00 2 5292.407
2011 03 11 09 08 00 2 5292.408
2011 03 11 09 07 00 2 5292.409
2011 03 11 09 06 00 2 5292.407
2011 03 11 09 05 00 2 5292.408
2011 03 11 09 04 00 2 5292.420
2011 03 11 09 03 00 2 5292.422
2011 03 11 09 02 00 2 5292.421
2011 03 11 09 01 00 2 5292.437
2011 03 11 09 00 00 2 5292.452
2011 03 11 08 59 00 2 5292.449
2011 03 11 08 58 00 2 5292.453
2011 03 11 08 57 00 2 5292.455
2011 03 11 08 56 00 2 5292.431
2011 03 11 08 55 00 2 5292.430
2011 03 11 08 54 00 2 5292.425
2011 03 11 08 53 00 2 5292.417
2011 03 11 08 52 00 2 5292.426
2011 03 11 08 51 00 2 5292.411
2011 03 11 08 50 00 2 5292.407
2011 03 11 08 49 00 2 5292.419
2011 03 11 08 48 00 2 5292.430
2011 03 11 08 47 00 2 5292.410
2011 03 11 08 46 00 2 5292.400
2011 03 11 08 45 00 2 5292.401
2011 03 11 08 44 00 2 5292.406
2011 03 11 08 43 00 2 5292.441
2011 03 11 08 42 00 2 5292.454
2011 03 11 08 41 00 2 5292.449
2011 03 11 08 40 00 2 5292.453
2011 03 11 08 39 00 2 5292.427
2011 03 11 08 38 00 2 5292.425
2011 03 11 08 37 00 2 5292.429
2011 03 11 08 36 00 2 5292.450
2011 03 11 08 35 00 2 5292.457
2011 03 11 08 34 00 2 5292.447
2011 03 11 08 33 00 2 5292.479
2011 03 11 08 32 00 2 5292.468
2011 03 11 08 31 00 2 5292.457
2011 03 11 08 30 00 2 5292.438
2011 03 11 08 29 00 2 5292.415
2011 03 11 08 28 00 2 5292.452
2011 03 11 08 27 00 2 5292.408
2011 03 11 08 26 00 2 5292.404
2011 03 11 08 25 00 2 5292.406
2011 03 11 08 24 00 2 5292.402
2011 03 11 08 23 00 2 5292.403
2011 03 11 08 22 00 2 5292.372
2011 03 11 08 21 00 2 5292.376
2011 03 11 08 20 00 2 5292.337
2011 03 11 08 19 00 2 5292.315
2011 03 11 08 18 00 2 5292.322
2011 03 11 08 17 00 2 5292.327
2011 03 11 08 16 00 2 5292.320
2011 03 11 08 15 00 2 5292.311
2011 03 11 08 14 00 2 5292.293
2011 03 11 08 13 00 2 5292.271
2011 03 11 08 12 00 2 5292.297
2011 03 11 08 11 00 2 5292.321
2011 03 11 08 10 00 2 5292.313
2011 03 11 08 09 00 2 5292.317
2011 03 11 08 08 00 2 5292.339
2011 03 11 08 07 00 2 5292.336
2011 03 11 08 06 00 2 5292.349
2011 03 11 08 05 00 2 5292.373
2011 03 11 08 04 00 2 5292.352
2011 03 11 08 03 00 2 5292.355
2011 03 11 08 02 00 2 5292.382
2011 03 11 08 01 00 2 5292.351
2011 03 11 08 00 00 2 5292.331
2011 03 11 07 59 00 2 5292.383
2011 03 11 07 58 00 2 5292.366
2011 03 11 07 57 00 2 5292.356
2011 03 11 07 56 00 2 5292.371
2011 03 11 07 55 00 2 5292.339
2011 03 11 07 54 00 2 5292.316
2011 03 11 07 53 00 2 5292.335
2011 03 11 07 52 00 2 5292.313
2011 03 11 07 51 00 2 5292.291
2011 03 11 07 50 00 2 5292.320
2011 03 11 07 49 00 2 5292.329
2011 03 11 07 48 00 2 5292.335
2011 03 11 07 47 00 2 5292.307
2011 03 11 07 46 00 2 5292.274
2011 03 11 07 45 00 2 5292.247
2011 03 11 07 44 00 2 5292.277
2011 03 11 07 43 00 2 5292.325
2011 03 11 07 42 00 2 5292.298
2011 03 11 07 41 00 2 5292.203
2011 03 11 07 40 00 2 5292.262
2011 03 11 07 39 00 2 5292.277
2011 03 11 07 38 00 2 5292.214
2011 03 11 07 37 00 2 5292.231
2011 03 11 07 36 00 2 5292.327
2011 03 11 07 35 00 2 5292.302
2011 03 11 07 34 00 2 5292.224
2011 03 11 07 33 00 2 5292.246
2011 03 11 07 32 00 2 5292.234
2011 03 11 07 31 00 2 5292.202
2011 03 11 07 30 00 2 5292.163
2011 03 11 07 29 00 2 5292.154
2011 03 11 07 28 00 2 5292.113
2011 03 11 07 27 00 2 5292.053
2011 03 11 07 26 00 2 5292.035
2011 03 11 07 25 00 2 5292.124
2011 03 11 07 24 00 2 5292.316
2011 03 11 07 23 00 2 5292.430
2011 03 11 07 22 00 2 5292.386
2011 03 11 07 21 00 2 5292.361
2011 03 11 07 20 00 2 5292.409
2011 03 11 07 19 00 2 5292.531
2011 03 11 07 18 00 2 5292.680
2011 03 11 07 17 00 2 5292.763
2011 03 11 07 16 00 2 5292.812
2011 03 11 07 15 00 2 5292.760
2011 03 11 07 14 00 2 5292.637
2011 03 11 07 13 00 2 5292.618
2011 03 11 07 12 00 2 5292.528
2011 03 11 07 11 00 2 5292.486
2011 03 11 07 10 00 2 5292.389
2011 03 11 07 09 00 2 5292.370
2011 03 11 07 08 00 2 5292.311
2011 03 11 07 07 00 2 5292.302
2011 03 11 07 06 00 2 5292.258
2011 03 11 07 05 00 2 5292.269
2011 03 11 07 04 00 2 5292.241
2011 03 11 07 03 00 2 5292.213
2011 03 11 07 02 00 2 5292.248
2011 03 11 07 01 00 2 5292.238
2011 03 11 07 00 00 2 5292.210
2011 03 11 06 59 00 2 5292.220
2011 03 11 06 58 00 2 5292.223
2011 03 11 06 57 00 2 5292.219
2011 03 11 06 56 00 2 5292.246
2011 03 11 06 55 00 2 5292.195
2011 03 11 06 54 00 2 5292.214
2011 03 11 06 53 00 2 5292.182
2011 03 11 06 52 00 2 5292.247
2011 03 11 06 51 00 2 5292.162
2011 03 11 06 50 00 2 5292.206
2011 03 11 06 49 00 2 5292.206
2011 03 11 06 48 00 2 5292.224
2011 03 11 06 47 00 2 5292.141
2011 03 11 06 46 00 2 5292.222
2011 03 11 06 45 00 2 5292.187
2011 03 11 06 44 00 2 5292.197
2011 03 11 06 43 00 2 5292.190
2011 03 11 06 42 00 2 5292.197
2011 03 11 06 41 00 2 5292.178
2011 03 11 06 40 00 2 5292.140
2011 03 11 06 39 00 2 5292.202
2011 03 11 06 38 00 2 5292.187
2011 03 11 06 37 00 2 5292.155
2011 03 11 06 36 00 2 5292.139
2011 03 11 06 35 00 2 5292.199
2011 03 11 06 34 00 2 5292.160
2011 03 11 06 33 00 2 5292.150
2011 03 11 06 32 00 2 5292.213
2011 03 11 06 31 00 2 5292.130
2011 03 11 06 30 00 2 5292.125
2011 03 11 06 29 00 2 5292.208
2011 03 11 06 28 00 2 5292.104
2011 03 11 06 27 00 2 5292.141
2011 03 11 06 26 00 2 5292.149
2011 03 11 06 25 00 2 5292.171
2011 03 11 06 24 00 2 5292.122
2011 03 11 06 23 00 2 5292.113
2011 03 11 06 22 00 2 5292.157
2011 03 11 06 21 00 2 5292.129
2011 03 11 06 20 00 2 5292.113
2011 03 11 06 19 00 2 5292.122
2011 03 11 06 18 00 2 5292.142
2011 03 11 06 17 00 2 5292.117
2011 03 11 06 16 00 2 5292.124
2011 03 11 06 15 00 2 5292.159
2011 03 11 06 14 00 2 5292.135
2011 03 11 06 13 00 2 5292.036
2011 03 11 06 12 00 2 5292.132
2011 03 11 06 11 00 2 5292.048
2011 03 11 06 10 00 2 5292.164
2011 03 11 06 09 00 2 5292.115
2011 03 11 06 08 00 2 5292.080
2011 03 11 06 07 00 2 5292.108
2011 03 11 06 06 00 2 5292.101
2011 03 11 06 05 00 2 5292.111
2011 03 11 06 04 00 2 5292.091
2011 03 11 06 03 00 2 5292.107
2011 03 11 06 02 00 2 5292.110
2011 03 11 06 01 00 2 5292.005
2011 03 11 06 00 00 2 5292.114
2011 03 11 05 59 00 2 5292.053
2011 03 11 05 58 00 2 5292.128
2011 03 11 05 57 00 2 5292.037
2011 03 11 05 56 00 2 5292.066
2011 03 11 05 55 00 2 5292.050
2011 03 11 05 54 00 2 5292.016
2011 03 11 05 53 00 2 5292.085
2011 03 11 05 52 00 2 5292.109
2011 03 11 05 51 00 2 5292.050
2011 03 11 05 50 00 2 5292.066
2011 03 11 05 49 00 2 5292.055
2011 03 11 05 48 00 2 5292.055
2011 03 11 05 47 00 2 5292.053
2011 03 11 05 46 00 2 5292.050
2011 03 11 05 45 00 2 5292.047
2011 03 11 05 44 00 2 5292.045
2011 03 11 05 43 00 2 5292.043
2011 03 11 05 42 00 2 5292.040
2011 03 11 05 41 00 2 5292.039
2011 03 11 05 40 00 2 5292.036
2011 03 11 05 39 00 2 5292.034
2011 03 11 05 38 00 2 5292.031
2011 03 11 05 37 00 2 5292.030
2011 03 11 05 36 00 2 5292.028
2011 03 11 05 35 00 2 5292.026
2011 03 11 05 34 00 2 5292.023
2011 03 11 05 33 00 2 5292.022
2011 03 11 05 32 00 2 5292.020
2011 03 11 05 31 00 2 5292.018
2011 03 11 05 30 00 2 5292.016
2011 03 11 05 29 00 2 5292.013
2011 03 11 05 28 00 2 5292.011
2011 03 11 05 27 00 2 5292.010
2011 03 11 05 26 00 2 5292.007
2011 03 11 05 25 00 2 5292.007
2011 03 11 05 24 00 2 5292.004
2011 03 11 05 23 00 2 5292.001
2011 03 11 05 22 00 2 5292.000
2011 03 11 05 21 00 2 5291.997
2011 03 11 05 20 00 2 5291.995
2011 03 11 05 19 00 2 5291.993
2011 03 11 05 18 00 2 5291.992
2011 03 11 05 17 00 2 5291.989
2011 03 11 05 16 00 2 5291.987
2011 03 11 05 15 00 2 5291.985
2011 03 11 05 14 00 2 5291.983
2011 03 11 05 13 00 2 5291.982
2011 03 11 05 12 00 2 5291.979
2011 03 11 05 11 00 2 5291.978
2011 03 11 05 10 00 2 5291.975
2011 03 11 05 09 00 2 5291.974
2011 03 11 05 08 00 2 5291.973
2011 03 11 05 07 00 2 5291.972
2011 03 11 05 06 00 2 5291.969
2011 03 11 05 05 00 2 5291.968
2011 03 11 05 04 00 2 5291.966
2011 03 11 05 03 00 2 5291.964
2011 03 11 05 02 00 2 5291.963
2011 03 11 05 01 00 2 5291.962
2011 03 11 05 00 00 1 5291.960
2011 03 11 04 59 00 2 5291.958
2011 03 11 04 58 00 2 5291.957
2011 03 11 04 57 00 2 5291.955
2011 03 11 04 56 00 2 5291.953
2011 03 11 04 55 00 2 5291.952
2011 03 11 04 54 00 2 5291.950
2011 03 11 04 53 00 2 5291.949
2011 03 11 04 52 00 2 5291.947
2011 03 11 04 51 00 2 5291.946
2011 03 11 04 50 00 2 5291.943
2011 03 11 04 49 00 2 5291.942
2011 03 11 04 48 00 2 5291.941
2011 03 11 04 47 00 2 5291.939
2011 03 11 04 46 00 2 5291.938
2011 03 11 04 45 00 1 5291.936
2011 03 11 04 44 00 2 5291.935
2011 03 11 04 43 00 2 5291.934
2011 03 11 04 42 00 2 5291.932
2011 03 11 04 41 00 2 5291.930
2011 03 11 04 40 00 2 5291.929
2011 03 11 04 39 00 2 5291.927
2011 03 11 04 38 00 2 5291.926
2011 03 11 04 37 00 2 5291.924
2011 03 11 04 36 00 2 5291.923
2011 03 11 04 35 00 2 5291.922
2011 03 11 04 34 00 2 5291.920
2011 03 11 04 33 00 2 5291.918
2011 03 11 04 32 00 2 5291.917
2011 03 11 04 31 00 2 5291.916
2011 03 11 04 30 00 1 5291.914
2011 03 11 04 29 00 2 5291.914
2011 03 11 04 28 00 2 5291.912
2011 03 11 04 27 00 2 5291.911
2011 03 11 04 26 00 2 5291.910
2011 03 11 04 25 00 2 5291.909
2011 03 11 04 24 00 2 5291.908
2011 03 11 04 23 00 2 5291.907
2011 03 11 04 22 00 2 5291.906
2011 03 11 04 21 00 2 5291.904
2011 03 11 04 20 00 2 5291.903
2011 03 11 04 19 00 2 5291.903
2011 03 11 04 18 00 2 5291.900
2011 03 11 04 17 00 2 5291.899
2011 03 11 04 16 00 2 5291.899
2011 03 11 04 15 00 1 5291.897
2011 03 11 04 14 00 2 5291.897
2011 03 11 04 13 00 2 5291.895
2011 03 11 04 12 00 2 5291.894
2011 03 11 04 11 00 2 5291.893
2011 03 11 04 10 00 2 5291.893
2011 03 11 04 09 00 2 5291.892
2011 03 11 04 08 00 2 5291.891
2011 03 11 04 07 00 2 5291.891
2011 03 11 04 06 00 2 5291.890
2011 03 11 04 05 00 2 5291.889
2011 03 11 04 04 00 2 5291.888
2011 03 11 04 03 00 2 5291.888
2011 03 11 04 02 00 2 5291.887
2011 03 11 04 01 00 2 5291.886
2011 03 11 04 00 00 1 5291.885
2011 03 11 03 45 00 1 5291.880
2011 03 11 03 30 00 1 5291.877
2011 03 11 03 15 00 1 5291.880
2011 03 11 03 00 00 1 5291.887
2011 03 11 02 45 00 1 5291.898
2011 03 11 02 30 00 1 5291.915
2011 03 11 02 15 00 1 5291.938
2011 03 11 02 00 00 1 5291.962
2011 03 11 01 45 00 1 5291.991
2011 03 11 01 30 00 1 5292.022
2011 03 11 01 15 00 1 5292.054
2011 03 11 01 00 00 1 5292.090
2011 03 11 00 45 00 1 5292.131
2011 03 11 00 30 00 1 5292.173
2011 03 11 00 15 00 1 5292.215
2011 03 11 00 00 00 1 5292.263
2011 03 10 23 45 00 1 5292.310
2011 03 10 23 30 00 1 5292.358
2011 03 10 23 15 00 1 5292.405
2011 03 10 23 00 00 1 5292.451
2011 03 10 22 45 00 1 5292.497
2011 03 10 22 30 00 1 5292.541
2011 03 10 22 15 00 1 5292.580
2011 03 10 22 00 00 1 5292.620
2011 03 10 21 45 00 1 5292.653
2011 03 10 21 30 00 1 5292.681
2011 03 10 21 15 00 1 5292.704
2011 03 10 21 00 00 1 5292.726
2011 03 10 20 45 00 1 5292.739
2011 03 10 20 30 00 1 5292.748
2011 03 10 20 15 00 1 5292.755
2011 03 10 20 00 00 1 5292.759
2011 03 10 19 45 00 1 5292.757
2011 03 10 19 30 00 1 5292.752
2011 03 10 19 15 00 1 5292.747
2011 03 10 19 00 00 1 5292.734
2011 03 10 18 45 00 1 5292.720
2011 03 10 18 30 00 1 5292.703
2011 03 10 18 15 00 1 5292.680
2011 03 10 18 00 00 1 5292.657
2011 03 10 17 45 00 1 5292.634
2011 03 10 17 30 00 1 5292.610
2011 03 10 17 15 00 1 5292.584
2011 03 10 17 00 00 1 5292.560
2011 03 10 16 45 00 1 5292.533
2011 03 10 16 30 00 1 5292.512
2011 03 10 16 15 00 1 5292.490
2011 03 10 16 00 00 1 5292.469
2011 03 10 15 45 00 1 5292.452
2011 03 10 15 30 00 1 5292.436
2011 03 10 15 15 00 1 5292.421
2011 03 10 15 00 00 1 5292.407
2011 03 10 14 45 00 1 5292.397
2011 03 10 14 30 00 1 5292.387
2011 03 10 14 15 00 1 5292.380
2011 03 10 14 00 00 1 5292.378
2011 03 10 13 45 00 1 5292.378
2011 03 10 13 30 00 1 5292.381
2011 03 10 13 15 00 1 5292.388
2011 03 10 13 00 00 1 5292.399
2011 03 10 12 45 00 1 5292.411
2011 03 10 12 30 00 1 5292.426
2011 03 10 12 15 00 1 5292.444
2011 03 10 12 00 00 1 5292.459
2011 03 10 11 45 00 1 5292.478
2011 03 10 11 30 00 1 5292.494
2011 03 10 11 15 00 1 5292.509
2011 03 10 11 00 00 1 5292.525
2011 03 10 10 45 00 1 5292.538
2011 03 10 10 30 00 1 5292.550
2011 03 10 10 15 00 1 5292.562
2011 03 10 10 00 00 1 5292.566
2011 03 10 09 45 00 1 5292.571
2011 03 10 09 30 00 1 5292.571
2011 03 10 09 15 00 1 5292.570
2011 03 10 09 00 00 1 5292.564
2011 03 10 08 45 00 1 5292.558
2011 03 10 08 30 00 1 5292.544
2011 03 10 08 15 00 1 5292.521
2011 03 10 08 00 00 1 5292.502
2011 03 10 07 45 00 1 5292.476
2011 03 10 07 30 00 1 5292.446
2011 03 10 07 15 00 1 5292.412
2011 03 10 07 00 00 1 5292.375
2011 03 10 06 45 00 1 5292.338
2011 03 10 06 30 00 1 5292.300
2011 03 10 06 15 00 1 5292.257
2011 03 10 06 00 00 1 5292.216
2011 03 10 05 45 00 1 5292.176
2011 03 10 05 30 00 1 5292.139
2011 03 10 05 15 00 1 5292.101
2011 03 10 05 00 00 1 5292.060
2011 03 10 04 45 00 1 5292.027
2011 03 10 04 30 00 1 5291.997
2011 03 10 04 15 00 1 5291.969
2011 03 10 04 00 00 1 5291.945
2011 03 10 03 45 00 1 5291.926
2011 03 10 03 30 00 1 5291.910
2011 03 10 03 15 00 1 5291.898
2011 03 10 03 00 00 1 5291.895
2011 03 10 02 45 00 1 5291.896
2011 03 10 02 30 00 1 5291.900
2011 03 10 02 15 00 1 5291.911
2011 03 10 02 00 00 1 5291.923
2011 03 10 01 45 00 1 5291.941
2011 03 10 01 30 00 1 5291.964
2011 03 10 01 15 00 1 5291.988
2011 03 10 01 00 00 1 5292.019
2011 03 10 00 45 00 1 5292.050
2011 03 10 00 30 00 1 5292.087
2011 03 10 00 15 00 1 5292.126
