3.600000000000000000e+01 -6.246794092476193327e-03
9.600000000000000000e+01 2.296406429195485543e-03
9.600000000000000000e+01 -2.170359357114648446e-02
9.600000000000000000e+01 4.296406429602939170e-03
9.600000000000000000e+01 3.229640642894082703e-02
1.560000000000000000e+02 1.468333647289910004e-01
1.560000000000000000e+02 4.983336472923838301e-02
1.560000000000000000e+02 4.483336472912924364e-02
1.560000000000000000e+02 -3.361666352711836225e-01
1.560000000000000000e+02 8.288333647296894924e-01
2.159999999999999716e+02 -3.026358989309301251e-01
2.159999999999999716e+02 -9.556358989311775076e-01
2.159999999999999716e+02 3.823641010685605579e-01
2.159999999999999716e+02 -7.046358989309737808e-01
2.159999999999999716e+02 6.936410106845869450e-02
2.760000000000000000e+02 2.058886361437544110e-01
2.760000000000000000e+02 9.188863614417641656e-02
2.760000000000000000e+02 1.168886361438126187e-01
2.760000000000000000e+02 7.388863614414731273e-02
2.760000000000000000e+02 1.838886361438198946e-01
3.360000000000000000e+02 -3.593008879761327989e-03
3.360000000000000000e+02 -2.815930088800087105e-01
3.959999999999999432e+02 -1.810808123655078816e-01
4.560000000000000000e+02 -1.555747521651937859e-01
5.160000000000000000e+02 -3.030748056216907571e-01
5.760000000000000000e+02 4.794190504680955200e-01
6.360000000000000000e+02 9.068398630915908143e-04
6.960000000000000000e+02 9.538858689666085411e-02
7.560000000000000000e+02 -7.213568350834975718e-02
8.160000000000000000e+02 2.333405418266920606e-02
8.760000000000000000e+02 2.797826127789448947e-03
9.360000000000001137e+02 2.425565912835736526e-02
9.960000000000000000e+02 -1.829241935683967313e-02
1.056000000000000000e+03 5.115361880143609596e-02
1.116000000000000000e+03 3.593802416617108975e-03
1.176000000000000000e+03 6.028161012181953993e-03
1.236000000000000000e+03 2.045672481563087786e-02
1.296000000000000000e+03 2.879524790841969661e-03
1.356000000000000000e+03 7.296592640159360599e-03
1.416000000000000000e+03 1.170796081805747235e-02
1.476000000000000000e+03 -4.886337455900502391e-03
1.536000000000000000e+03 2.751373181854432914e-02
1.596000000000000000e+03 1.119082034292659955e-01
1.656000000000000000e+03 1.129711295834567863e-02
1.716000000000000000e+03 2.366804968069118331e-01
1.776000000000000000e+03 3.800583921838551760e-01
1.836000000000000000e+03 1.050430837134626927e+00
1.896000000000000000e+03 1.577797870540052827e+00
1.956000000000000000e+03 1.873159532129648142e+00
2.016000000000000227e+03 1.307515862483342062e+00
2.076000000000000000e+03 1.018669030454475433e-01
2.136000000000000000e+03 -2.857873038674370036e-01
2.196000000000000000e+03 4.025532849282171810e-01
2.256000000000000000e+03 8.858887135147597292e-01
2.316000000000000000e+03 -1.227809731490197009e-01
2.376000000000000000e+03 -9.294557292068930110e-01
2.436000000000000000e+03 -3.101355078952110489e-01
2.496000000000000000e+03 -5.182026155580388149e-02
2.556000000000000000e+03 -5.955099416141820257e-01
2.616000000000000000e+03 -3.762044985805914621e-01
2.675999999999999545e+03 -1.539038820537825814e-01
2.736000000000000000e+03 -6.576080407076005940e-01
2.796000000000000000e+03 -1.031692228843894554e-02
2.856000000000000000e+03 -9.903047362513461849e-02
2.916000000000000000e+03 -3.767486406095486018e-01
2.976000000000000000e+03 2.652863179264386417e-02
3.036000000000000000e+03 -1.751986004483114812e-01
3.096000000000000000e+03 -1.479302804355029366e-01
3.156000000000000000e+03 -1.366663503313247929e-01
3.216000000000000455e+03 -2.424067513657064410e-01
3.276000000000000000e+03 -1.315142383464262821e-02
3.336000000000000455e+03 -2.769003071025508689e-01
3.396000000000000000e+03 -3.565333959613781190e-02
3.455999999999999545e+03 -1.344104588124537258e-01
3.516000000000000000e+03 -9.717160131549462676e-02
3.575999999999999545e+03 -6.193670274478790816e-02
3.636000000000000000e+03 -6.570569780524238013e-02
3.696000000000000000e+03 -1.047852028023044113e-02
3.756000000000000000e+03 -1.725510303276678314e-02
3.816000000000000000e+03 -2.103537800394406077e-02
3.876000000000000000e+03 -3.781927621912473114e-02
3.936000000000000000e+03 -4.460672779441665625e-02
3.996000000000000000e+03 -7.039766193065588595e-02
4.056000000000000000e+03 -1.619200693221500842e-02
4.116000000000000000e+03 7.601030979731149273e-02
4.176000000000000000e+03 1.112093617539358092e-01
4.236000000000000000e+03 2.440522332108230330e-02
4.296000000000000000e+03 -3.540203023840149399e-02
4.356000000000000000e+03 5.578767722090560710e-02
4.416000000000000000e+03 4.974422719897120260e-03
4.476000000000000000e+03 -4.841715864131401759e-03
4.536000000000000000e+03 6.033934021434106398e-02
4.596000000000000000e+03 4.351767055140953744e-02
4.656000000000000000e+03 -4.306644416828930844e-03
4.716000000000000000e+03 6.886647659212030703e-02
4.776000000000000000e+03 6.603711568368453300e-02
4.836000000000000000e+03 1.620535578877024818e-02
4.896000000000000000e+03 9.937128065394063015e-02
4.956000000000000000e+03 1.005349748338630889e-01
5.016000000000000000e+03 1.206965236669930164e-01
5.076000000000000000e+03 8.385601329882774735e-02
5.136000000000000000e+03 9.701353064156137407e-02
5.196000000000000000e+03 7.616916338156443089e-02
5.256000000000000000e+03 5.132299996512301732e-02
5.315999999999999091e+03 3.647512958741572220e-02
5.376000000000000000e+03 4.862564218456100207e-02
5.436000000000000000e+03 9.774628429113363381e-03
5.496000000000000000e+03 5.922179699155094568e-03
5.555999999999999091e+03 -3.293161190413229633e-02
5.616000000000000000e+03 -6.878665358726721024e-02
5.676000000000000000e+03 -4.164285186925553717e-02
5.736000000000000000e+03 -1.150011259414895903e-02
5.796000000000000000e+03 1.641659062443068251e-03
5.856000000000000909e+03 3.178255857164913323e-02
5.916000000000000000e+03 -1.207731794966093730e-02
5.976000000000000000e+03 -1.993787375704414444e-02
6.036000000000000000e+03 1.120098851060902234e-02
6.095999999999999091e+03 3.393668184799025767e-04
6.156000000000000000e+03 -4.522640270806732588e-03
6.216000000000000000e+03 1.961506637144339038e-02
6.276000000000000000e+03 -1.224741354235447943e-02
6.335999999999999091e+03 -7.010997976158250822e-02
6.396000000000000000e+03 -7.499999999999999722e-02
6.456000000000000000e+03 -8.083496738436224405e-02
6.516000000000000000e+03 -1.669718562516209204e-02
6.576000000000000000e+03 7.744091613312775735e-02
6.636000000000000909e+03 4.257944071559904842e-02
6.696000000000000000e+03 2.771849142391147325e-02
6.756000000000000000e+03 -3.214182798910769634e-02
6.816000000000000000e+03 -4.100141331855411408e-02
6.876000000000000909e+03 1.613984007235558238e-02
6.936000000000000000e+03 1.828203722470789216e-02
6.996000000000000000e+03 6.442528359639254631e-02
7.056000000000000000e+03 8.056968502205563709e-02
7.115999999999999091e+03 8.971534771899314364e-02
7.176000000000000000e+03 9.786237824846466538e-02
7.236000000000000000e+03 1.110108835300707142e-01
7.296000000000000000e+03 1.191609708012038027e-01
7.355999999999999091e+03 -9.168725237941544037e-02
7.416000000000000000e+03 6.546632184017653344e-02
7.476000000000000000e+03 7.562180159857234685e-02
7.536000000000000000e+03 1.877929529564426048e-02
7.596000000000000000e+03 -1.606108840496744961e-02
7.656000000000000909e+03 -3.689924061109195463e-02
7.716000000000000000e+03 -3.773505220578954322e-02
7.776000000000000000e+03 -6.956841386363521451e-02
7.836000000000000000e+03 -8.839921606977441115e-02
7.895999999999999091e+03 -7.622734913366002729e-02
7.956000000000000000e+03 -9.705270320591807831e-02
8.016000000000000000e+03 -9.087516829004016472e-02
8.076000000000000000e+03 -1.086946342657029163e-01
8.135999999999999091e+03 -5.351099089421040844e-02
8.196000000000000000e+03 -6.132412784427287988e-02
8.256000000000000000e+03 -7.000000000000000666e-02
8.316000000000000000e+03 -9.994030098641815130e-02
8.376000000000000000e+03 -1.007431161733620684e-01
8.436000000000000000e+03 -1.145422696981768240e-01
8.496000000000000000e+03 -1.013376509808949777e-01
8.556000000000000000e+03 -1.051291494422912365e-01
8.616000000000000000e+03 -1.019166545147527358e-01
8.676000000000000000e+03 -9.670005566295003518e-02
8.736000000000000000e+03 -9.347924239591520745e-02
8.796000000000000000e+03 -8.725410428723989753e-02
8.856000000000000000e+03 -7.702453098409023369e-02
8.916000000000000000e+03 -7.479041223450622056e-02
8.976000000000000000e+03 -6.755163789057405666e-02
9.036000000000000000e+03 -5.530809793617663672e-02
9.096000000000000000e+03 -2.105968249452416785e-02
9.156000000000000000e+03 1.193718158901901916e-03
9.216000000000000000e+03 4.452213566764839925e-03
9.276000000000000000e+03 6.271591308541246690e-02
9.336000000000000000e+03 8.198492586143402150e-02
9.396000000000000000e+03 1.082593608280149056e-01
9.456000000000000000e+03 1.165393266774117365e-01
9.516000000000000000e+03 1.278249318484085961e-01
9.576000000000000000e+03 1.421162845099388505e-01
9.636000000000000000e+03 1.304134925485413987e-01
9.696000000000000000e+03 1.337166635512403445e-01
9.756000000000000000e+03 1.460259047898944118e-01
9.816000000000000000e+03 1.473413232070015511e-01
9.876000000000000000e+03 1.506630253898038063e-01
9.936000000000000000e+03 1.149911175771194394e-01
9.996000000000000000e+03 1.183257056181901135e-01
1.005600000000000000e+04 1.016668949805534794e-01
1.011600000000000000e+04 8.301479071360517992e-02
1.017600000000000000e+04 9.436949745031597558e-02
1.023600000000000000e+04 -3.422688806167570874e-01
1.029600000000000000e+04 7.609976025378273334e-02
1.035600000000000000e+04 4.147552333506610012e-02
1.041600000000000000e+04 9.858511412858206313e-03
1.047600000000000000e+04 -2.175117321985453600e-02
1.053600000000000000e+04 -2.435342878379742615e-02
1.059599999999999818e+04 -4.594815403015672928e-02
1.065600000000000000e+04 -2.753524824856867781e-02
1.071600000000000000e+04 -5.111461128399241716e-02
1.077600000000000000e+04 -4.768614355543832062e-02
1.083600000000000000e+04 -3.124974606816977030e-02
1.089600000000000182e+04 -1.180532042053528130e-02
1.095600000000000000e+04 -1.235276882835023571e-02
1.101600000000000000e+04 -6.891994136822177097e-03
1.107599999999999818e+04 1.557710016913915752e-02
1.113600000000000000e+04 3.005460995518660638e-02
1.119600000000000000e+04 1.654063040768960491e-02
1.125600000000000000e+04 1.503525604130118154e-02
1.131600000000000000e+04 2.753858066080283606e-02
1.137600000000000182e+04 3.305069737598387292e-02
1.143600000000000000e+04 3.757169856453401735e-02
1.149600000000000000e+04 2.710167587247269694e-02
1.155600000000000000e+04 -1.035927980228734668e-02
1.161600000000000000e+04 -2.881107833036367083e-02
1.167600000000000182e+04 -1.335253630350962339e+00
1.173600000000000000e+04 -4.668684729222150054e-02
1.179600000000000000e+04 -3.611064138567599002e-02
1.185599999999999818e+04 -5.752492566807632102e-02
1.191600000000000000e+04 -2.292961400780768599e-02
1.197600000000000000e+04 -2.832462111109634861e-02
1.203600000000000000e+04 -1.697098625290891505e-01
1.209600000000000000e+04 -1.808525467276922427e-02
1.215600000000000182e+04 -2.450714833685196936e-03
1.221600000000000000e+04 2.219383882038528100e-02
1.227600000000000000e+04 4.784848721737944288e-02
1.233600000000000000e+04 3.151331038679927588e-02
1.239600000000000000e+04 1.518838742777006701e-02
1.245600000000000000e+04 3.087379651788069168e-02
1.251600000000000000e+04 6.956961489322566194e-02
1.257600000000000000e+04 1.142759188314812491e-01
1.263599999999999818e+04 1.089927836565038888e-01
1.269600000000000000e+04 1.057202837091608671e-01
1.275600000000000000e+04 1.114584923543588957e-01
1.281600000000000000e+04 9.420748195861960994e-02
1.287600000000000000e+04 6.296732388727832586e-02
1.293600000000000182e+04 3.873808848766202573e-02
1.299600000000000000e+04 2.351984508641180582e-02
1.305600000000000000e+04 1.931266197334480239e-02
1.311599999999999818e+04 2.011660639800538775e-02
1.317600000000000000e+04 2.193174455442203907e-02
1.323600000000000000e+04 7.581415766253485344e-04
1.329600000000000000e+04 6.595861528694513254e-03
1.335600000000000000e+04 -3.555032609256159049e-03
1.341599999999999818e+04 -2.569447894074983196e-02
1.347600000000000000e+04 -3.182241667491325643e-02
1.353600000000000000e+04 -2.393878611292166170e-02
1.359600000000000000e+04 -3.604352868751448113e-02
1.365600000000000000e+04 -3.113658693928300636e-02
1.371600000000000182e+04 -1.621790454555593897e-02
1.377600000000000000e+04 -1.828742632096691523e-02
1.383600000000000000e+04 -2.534509822362451814e-02
1.389599999999999818e+04 -2.539086736851459136e-02
1.395600000000000000e+04 -1.542468203115276992e-02
1.401600000000000000e+04 -2.344649165115697542e-02
1.407600000000000000e+04 -4.645624684508220525e-02
1.413600000000000000e+04 -7.045389941049506888e-02
1.419599999999999818e+04 -6.543940233405010076e-02
1.425600000000000000e+04 -5.641270979685941711e-02
1.431600000000000000e+04 -5.337377718205971178e-02
1.437600000000000000e+04 -5.132256107754074037e-02
1.443600000000000000e+04 -4.725901928577513900e-02
1.449600000000000182e+04 -2.718311082935542800e-02
1.455600000000000000e+04 -1.209479595672746655e-02
1.461600000000000000e+04 4.005963857707683928e-03
1.467599999999999818e+04 4.119205899769440293e-03
1.473600000000000000e+04 1.244966215381282382e-03
1.479600000000000000e+04 3.832796037386287935e-04
1.485600000000000000e+04 1.553417961986269802e-02
1.491600000000000000e+04 2.269769855047343299e-02
1.497600000000000182e+04 3.487386743563547498e-02
1.503600000000000000e+04 6.106271604403445963e-02
1.509600000000000000e+04 8.926427287769911345e-02
1.515600000000000000e+04 1.164785651626516483e-01
1.521600000000000000e+04 1.427056188576898421e-01
1.527600000000000182e+04 1.219454586334904889e-01
1.533600000000000000e+04 1.481981078813987551e-01
1.539600000000000000e+04 1.234635887021795497e-01
1.545599999999999818e+04 1.117419219144721865e-01
1.551600000000000000e+04 1.080331270331953419e-01
1.557600000000000000e+04 1.163372222908947151e-01
1.563600000000000000e+04 3.965422460896661505e-02
1.569600000000000000e+04 7.198414961840171600e-02
1.575600000000000182e+04 4.832701164104946656e-02
1.581600000000000000e+04 3.868282369876396842e-02
1.587600000000000000e+04 2.205159749701124383e-02
1.593600000000000000e+04 3.943334344694449101e-02
1.599600000000000000e+04 5.382807063506334089e-02
1.605600000000000000e+04 2.923578684658423299e-02
1.611600000000000000e+04 1.765649854860384949e-02
1.617600000000000000e+04 3.709021089434827445e-02
1.623599999999999818e+04 4.853692772121576127e-02
1.629600000000000000e+04 3.399665155302500352e-02
1.635600000000000000e+04 3.246938359552586917e-02
1.641600000000000000e+04 1.695512373862584354e-02
1.647600000000000000e+04 1.945387055457103997e-02
1.653600000000000000e+04 1.696562129836820532e-02
1.659600000000000000e+04 5.490371901032631285e-03
1.665600000000000000e+04 9.028116989611589815e-03
1.671600000000000000e+04 1.057884986676072003e-02
1.677600000000000000e+04 -8.574374824092956260e-04
1.683600000000000000e+04 -2.280754386447370052e-03
1.689600000000000000e+04 2.230888851499912562e-02
1.695600000000000000e+04 3.991147926171834115e-02
1.701600000000000000e+04 4.552700458680192241e-02
1.707600000000000000e+04 4.915544991035858402e-02
1.713600000000000000e+04 3.579679934318846790e-02
1.719600000000000000e+04 4.445103568741615163e-02
1.725600000000000000e+04 7.311814044169295812e-02
1.731600000000000000e+04 9.379809379788639490e-02
1.737600000000000000e+04 1.014908746456057997e-01
1.743600000000000000e+04 1.021964605779430713e-01
1.749600000000000000e+04 1.149148278927896172e-01
1.755600000000000000e+04 1.246459515850801836e-01
1.761600000000000000e+04 1.233898053651500959e-01
1.767600000000000000e+04 1.231463616513792658e-01
1.773600000000000000e+04 1.309155915814699256e-01
1.779600000000000000e+04 1.206974650076517719e-01
1.785600000000000000e+04 1.204919504962163046e-01
1.791600000000000000e+04 1.132990153482751339e-01
1.797600000000000000e+04 1.041186255888533196e-01
1.803600000000000000e+04 1.039507459772721631e-01
1.809600000000000000e+04 9.479534000365674729e-02
1.815600000000000000e+04 7.965236990276025608e-02
1.821600000000000000e+04 4.752179665229050443e-02
1.827600000000000000e+04 4.035799820485408418e-04
1.833600000000000000e+04 -4.770232163173204754e-02
1.839600000000000000e+04 -8.979595094842807157e-02
1.845600000000000000e+04 -1.308773519685928477e-01
1.851600000000000000e+04 -1.469465699210559251e-01
1.857600000000000000e+04 -1.570036512639489956e-01
1.863600000000000000e+04 -1.720486436779538053e-01
1.869600000000000000e+04 -1.690815960546387942e-01
1.875600000000000000e+04 -1.421025585050301743e-01
1.881600000000000000e+04 -1.221115823364016251e-01
1.887600000000000000e+04 -6.681087200604451937e-01
1.893600000000000000e+04 -8.909402537847199710e-02
1.899600000000000000e+04 -6.506755318514478859e-02
1.905600000000000000e+04 -9.402935954676649999e-02
1.911600000000000000e+04 -5.397950171027332544e-02
1.917600000000000000e+04 -3.091803809093107702e-02
1.923600000000000000e+04 -7.784502826234529493e-02
1.929600000000000000e+04 -2.760532956017414108e-03
1.935600000000000000e+04 1.433538595210848143e-02
1.941600000000000000e+04 3.844266544274432817e-02
1.947600000000000000e+04 5.056124136444850592e-02
1.953600000000000000e+04 4.169104843913373770e-02
1.959600000000000000e+04 4.583202026879007462e-02
1.965600000000000000e+04 7.298408934457256692e-02
1.971600000000000000e+04 9.114718705222912831e-02
1.977600000000000000e+04 1.033212436868780060e-01
1.983600000000000000e+04 1.205061884447786724e-01
1.989600000000000000e+04 1.467019494511987432e-01
1.995600000000000000e+04 1.569084537559319870e-01
2.001600000000000000e+04 1.361256273412436713e-01
2.007600000000000000e+04 9.335339514018414775e-02
2.013600000000000000e+04 6.459168103265255922e-02
2.019600000000000000e+04 4.684040786378318444e-02
2.025600000000000000e+04 4.809949744230834767e-02
2.031600000000000000e+04 5.636887055970873917e-02
2.037600000000000000e+04 5.864844699863169808e-02
2.043600000000000000e+04 2.393814553215634078e-02
2.049600000000000000e+04 4.237883934365527239e-03
2.055600000000000000e+04 2.547579004385625012e-03
2.061600000000000000e+04 -3.132853442366467789e-03
2.067600000000000000e+04 -5.803498552268138155e-03
2.073600000000000000e+04 -2.146444243680889485e-02
2.079600000000000000e+04 -3.811577214855788043e-02
2.085600000000000000e+04 -3.975757568150584120e-02
2.091600000000000000e+04 -3.238994195999111980e-02
2.097600000000000364e+04 -2.401296082371118246e-02
2.103599999999999636e+04 -2.462672301862767199e-02
2.109600000000000000e+04 -7.231320201753987931e-03
2.115600000000000000e+04 2.173155094169487711e-03
2.121600000000000000e+04 1.558660945102019468e-02
2.127600000000000000e+04 2.400894858419633238e-02
2.133599999999999636e+04 4.440077352228399832e-03
2.139600000000000000e+04 -9.120100238760642242e-03
2.145600000000000000e+04 -6.671681016086949967e-03
2.151600000000000000e+04 2.578523736883653328e-02
2.157600000000000000e+04 5.025055644364329055e-02
2.163599999999999636e+04 1.172417693396710092e-02
2.169600000000000000e+04 -4.779400123152299784e-02
2.175600000000000000e+04 -6.830407890265632886e-02
2.181600000000000000e+04 -6.180615770790609531e-02
2.187600000000000000e+04 -3.130034003061155090e-02
2.193600000000000364e+04 -1.578672901177924359e-02
2.199600000000000000e+04 -4.126542852554848650e-02
2.205600000000000000e+04 -7.773654317497857846e-02
2.211600000000000000e+04 -7.320017827987612691e-02
2.217600000000000000e+04 -3.665643986551003763e-02
2.223600000000000364e+04 -1.110543465074442793e-02
2.229600000000000000e+04 -1.354727003945299657e-02
2.235600000000000000e+04 -6.982054101172252558e-03
2.241600000000000000e+04 -4.098955669178394601e-04
2.247600000000000000e+04 -4.583090381311194506e-02
2.253600000000000364e+04 -2.524518885820725700e-02
2.259599999999999636e+04 -2.765286133035260718e-02
2.265600000000000000e+04 -1.505403248938819161e-02
2.271600000000000000e+04 -1.144881417621945729e-02
2.277600000000000000e+04 -1.083731883136351826e-02
2.283600000000000000e+04 -5.722196594670094782e-01
2.289599999999999636e+04 4.640405033478600672e-02
2.295600000000000000e+04 6.503369645270140609e-02
2.301600000000000000e+04 5.266916421260248171e-02
2.307600000000000000e+04 3.031033841944008600e-02
2.313600000000000000e+04 -1.042896637954981998e-03
2.319599999999999636e+04 -1.439065717477205908e-02
2.325600000000000000e+04 -1.473305989929940552e-02
2.331600000000000000e+04 -1.507022199530183570e-02
2.337600000000000000e+04 -1.640226111157971900e-02
2.343600000000000000e+04 9.270704647860839032e-03
2.349600000000000364e+04 3.794855673550046049e-02
2.355600000000000000e+04 4.563117617817624705e-02
2.361600000000000000e+04 2.231844358539092354e-02
2.367600000000000000e+04 1.001023916069243569e-02
2.373600000000000000e+04 2.970644272045319667e-02
2.379600000000000364e+04 3.440693369975633686e-02
2.385600000000000000e+04 1.611159116782800993e-02
2.391600000000000000e+04 1.082029384178895270e-02
2.397600000000000000e+04 3.253292009594588308e-02
2.403600000000000000e+04 3.124934797870082548e-02
2.409600000000000000e+04 2.496945522216265090e-02
2.415599999999999636e+04 2.769311925476358738e-02
2.421600000000000000e+04 1.042021721423225245e-02
2.427600000000000000e+04 -1.284937403488584096e-02
2.433600000000000000e+04 -2.311577789623697754e-02
2.439600000000000000e+04 2.620881977236422244e-03
2.445599999999999636e+04 1.536048169054993195e-02
2.451600000000000000e+04 1.610289712607482215e-02
2.457600000000000000e+04 1.184800395003549056e-02
2.463600000000000000e+04 -2.404322368420253042e-03
2.469600000000000000e+04 3.457934481048141606e-04
2.475600000000000364e+04 2.309822650204296224e-02
2.481600000000000000e+04 1.585285173860029317e-02
2.487600000000000000e+04 -2.139045605144929141e-02
2.493600000000000000e+04 -5.063182221329043387e-02
2.499600000000000000e+04 -3.687137221095326822e-02
2.505600000000000364e+04 -4.110923162352264626e-02
2.511600000000000000e+04 -6.234552613204868976e-02
2.517600000000000000e+04 -4.258038149419007823e-02
2.523600000000000000e+04 -1.081392354535637423e-02
2.529600000000000000e+04 -2.046278180387162138e-03
2.535600000000000364e+04 -3.277571340731810778e-03
2.541599999999999636e+04 -3.050792900103260763e-02
2.547600000000000000e+04 -4.973747715939680347e-02
2.553600000000000000e+04 -1.596634182169509586e-02
2.559600000000000000e+04 1.180535101411805954e-02
2.565600000000000000e+04 -1.842252464120974764e-02
2.571599999999999636e+04 -2.265009474194812356e-02
2.577600000000000000e+04 1.122514797316398472e-03
2.583600000000000000e+04 -7.104821879693190567e-03
2.589600000000000000e+04 -3.332230568048544228e-03
2.595600000000000000e+04 7.440163020874024369e-03
2.601599999999999636e+04 -2.378776672958338168e-02
2.607600000000000000e+04 -5.101614533577958355e-02
2.613600000000000000e+04 -4.124509819212107686e-02
2.619600000000000000e+04 -2.647475057074188953e-02
2.625600000000000000e+04 -7.070522759022423998e-02
2.631600000000000364e+04 1.606334577809320763e-02
2.637600000000000000e+04 -8.169155268660688307e-03
2.643600000000000000e+04 6.597144651095732115e-03
2.649600000000000000e+04 5.936212110373162432e-02
2.655600000000000000e+04 3.512564986613142537e-02
2.661600000000000364e+04 -1.112393071707629133e-03
2.667600000000000000e+04 1.164786851040844340e-02
2.673600000000000000e+04 4.040631107454828452e-02
2.679600000000000000e+04 3.916281133479060372e-02
2.685600000000000000e+04 6.917246269949828275e-03
2.691600000000000000e+04 -1.133050685803027591e-02
2.697599999999999636e+04 4.194294942863052711e-04
2.703600000000000000e+04 1.116693317362660309e-02
2.709600000000000000e+04 1.491188234831497539e-02
2.715600000000000000e+04 3.065415549917815952e-02
2.721600000000000000e+04 3.139363145601237193e-02
2.727599999999999636e+04 2.213018939255562145e-02
2.733600000000000000e+04 2.686370883839117596e-02
2.739600000000000000e+04 1.659406970702548278e-02
2.745600000000000000e+04 1.232115228594921064e-02
2.751600000000000000e+04 3.104483726201578975e-02
2.757600000000000364e+04 2.976500573367957259e-02
2.763600000000000000e+04 1.148153920985350851e-02
2.769600000000000000e+04 5.194319639485911466e-03
2.775600000000000000e+04 3.903229400748386979e-03
2.781600000000000000e+04 5.608151338492461946e-03
2.787600000000000364e+04 9.308968750701751560e-03
2.793600000000000000e+04 8.005565418898186181e-03
2.799600000000000000e+04 7.697825607465347275e-03
2.805600000000000000e+04 1.638563407686888240e-02
2.811600000000000000e+04 2.806887610222474905e-02
2.817600000000000364e+04 3.774743746998865390e-02
2.823600000000000000e+04 6.342120450608490501e-02
2.829600000000000000e+04 8.009006406973639969e-02
2.835600000000000000e+04 6.875390357799915364e-02
2.841600000000000000e+04 4.941261101157579105e-02
2.847600000000000000e+04 2.606607491725299042e-02
2.853599999999999636e+04 1.771418443786387797e-02
2.859600000000000000e+04 8.356829297554213554e-03
2.865600000000000000e+04 -1.600610016248538159e-02
2.871600000000000000e+04 -2.137471299647586420e-02
2.877600000000000000e+04 -1.074911762134433957e-02
2.883599999999999636e+04 -1.812942182823462645e-02
2.889600000000000000e+04 -3.651573275965347420e-02
2.895600000000000000e+04 -2.590815689472947270e-02
2.901600000000000000e+04 -2.330680005798058119e-02
2.907600000000000000e+04 -1.871176738768554060e-02
2.913600000000000364e+04 -2.412316334448405541e-02
2.919600000000000000e+04 -2.254109168916329509e-02
2.925600000000000000e+04 -2.796565547305362998e-02
2.931600000000000000e+04 -3.839695704391488107e-02
2.937600000000000000e+04 -3.283509801713080378e-02
2.943600000000000364e+04 -3.528017926964821527e-02
2.949600000000000000e+04 -4.773230094724567607e-02
2.955600000000000000e+04 -6.519156243575707776e-02
2.961600000000000000e+04 -7.665806236127536977e-02
2.967600000000000000e+04 -1.111318985758771305e-01
2.973600000000000364e+04 -5.861316815480677178e-02
2.979599999999999636e+04 -3.110196738725790055e-02
2.985600000000000000e+04 -5.459839176000969019e-02
2.991600000000000000e+04 -8.102535955003986601e-03
2.997600000000000000e+04 8.385506159356737044e-03
3.003600000000000000e+04 -9.451343584587448277e-01
3.009599999999999636e+04 -3.662222024104266893e-03
3.015600000000000000e+04 2.180182409938424826e-02
3.021600000000000000e+04 1.725768938104010886e-02
3.027600000000000000e+04 1.870528416111483239e-02
3.033600000000000000e+04 7.314451963702595094e-02
3.039599999999999636e+04 6.857530788511212450e-02
3.045600000000000000e+04 3.499756185919977725e-02
3.051600000000000000e+04 6.041119540077488637e-02
3.057600000000000000e+04 5.681612325406604214e-02
3.063600000000000000e+04 2.221226106212270679e-02
3.069600000000000364e+04 2.659952538488141727e-02
3.075600000000000000e+04 3.997783369686658261e-02
3.081600000000000000e+04 2.934710440331400605e-02
3.087600000000000000e+04 2.070725684279750567e-02
3.093600000000000000e+04 3.905821129683317849e-02
3.099600000000000364e+04 3.439988899117452092e-02
3.105600000000000000e+04 -8.267787887234590016e-03
3.111600000000000000e+04 -2.494489619130035862e-02
3.117600000000000000e+04 -2.963151180756540271e-02
3.123600000000000000e+04 -2.332770963857910829e-02
3.129600000000000000e+04 -3.033563612007128540e-03
3.135599999999999636e+04 6.250853336496220436e-03
3.141600000000000000e+04 1.152546926732611610e-02
3.147600000000000000e+04 4.679021324409404770e-02
3.153600000000000000e+04 6.904501533608708996e-02
3.159600000000000000e+04 6.328980662874528207e-02
3.165599999999999636e+04 7.152451922593172640e-02
3.171600000000000000e+04 6.674908626155229285e-02
3.177600000000000000e+04 5.196344189698720584e-02
3.183600000000000000e+04 5.616752133391855750e-02
3.189600000000000000e+04 3.636126081710244762e-02
3.195600000000000364e+04 1.054459764327475568e-02
3.201600000000000000e+04 -2.282529841068026144e-03
3.207600000000000000e+04 -1.512018223274935735e-02
3.213600000000000000e+04 -2.968419053104298655e-03
3.219600000000000000e+04 1.217270123743219301e-02
3.225600000000000364e+04 3.630312125460477546e-02
3.231600000000000000e+04 5.542278469874872826e-02
3.237600000000000000e+04 4.953163635127566522e-02
3.243600000000000000e+04 4.562962208365206607e-02
3.249600000000000000e+04 1.971668885653343750e-02
3.255600000000000364e+04 -2.620721526272973279e-02
3.261599999999999636e+04 -3.614214110803004587e-02
3.267600000000000000e+04 -5.108813840979564702e-02
3.273600000000000000e+04 -7.504525578224274796e-02
3.279600000000000000e+04 -7.701354072742105927e-02
3.285600000000000000e+04 -8.599303962546400726e-02
3.291600000000000000e+04 -6.498379773711349117e-02
3.297600000000000000e+04 -3.398585919421748258e-02
3.303600000000000000e+04 -6.499926699962088605e-02
3.309600000000000000e+04 -7.402406302117015002e-02
3.315600000000000000e+04 -3.406028799236082705e-02
3.321600000000000000e+04 -1.810798149926995393e-02
3.327600000000000000e+04 -5.916718199659953825e-02
3.333600000000000000e+04 -3.423792678131576395e-02
3.339600000000000000e+04 -1.932025200221687555e-02
3.345600000000000000e+04 -1.941419265767763136e-02
3.351600000000000000e+04 -4.651978259607858490e-02
3.357600000000000000e+04 -4.263705449739063624e-02
3.363600000000000000e+04 -1.077766039888047089e+00
3.369600000000000000e+04 -1.790676912787603214e-02
3.375600000000000000e+04 2.394072858260187786e-02
3.381600000000000000e+04 4.277642521992675029e-02
3.387600000000000000e+04 2.960029392033902695e-02
3.393600000000000000e+04 1.741230900006485172e-02
3.399600000000000000e+04 -1.178755405635456555e-02
3.405600000000000000e+04 -2.799931858589843614e-02
3.411600000000000000e+04 -7.223006752610672265e-03
3.417600000000000000e+04 1.954136046242638258e-02
3.423600000000000000e+04 2.129376325865450781e-02
3.429600000000000000e+04 2.803418301209603669e-02
3.435600000000000000e+04 4.676260228643513983e-02
3.441600000000000000e+04 4.647900482723343885e-02
3.447600000000000000e+04 4.918337556227925234e-02
3.453600000000000000e+04 6.287570061158476165e-02
3.459600000000000000e+04 8.655596727840020321e-02
3.465600000000000000e+04 9.522416405070543988e-02
3.471600000000000000e+04 9.288028061109798728e-02
3.477600000000000000e+04 9.452430782312148949e-02
3.483600000000000000e+04 8.015623775008862140e-02
3.489600000000000000e+04 8.977606362986989552e-02
3.495600000000000000e+04 7.638377990497247083e-02
3.501600000000000000e+04 6.597938219692878192e-02
3.507600000000000000e+04 8.356286732123408001e-02
3.513600000000000000e+04 6.513423328397038858e-02
3.519600000000000000e+04 3.069347927885246463e-02
3.525600000000000000e+04 2.724060568834829610e-02
3.531600000000000000e+04 2.877561408422479872e-02
3.537600000000000000e+04 1.629850722656556172e-02
3.543600000000000000e+04 -1.190710938317351975e-03
3.549600000000000000e+04 -6.692035276500973850e-03
3.555600000000000000e+04 -1.120545946923812153e-02
3.561600000000000000e+04 2.690239907678915188e-04
3.567600000000000000e+04 1.373142378997727064e-02
3.573600000000000000e+04 3.418174980015464826e-02
3.579600000000000000e+04 4.362001307799800998e-02
3.585600000000000000e+04 1.504622584889148129e-02
3.591600000000000000e+04 6.460401529693626799e-03
3.597600000000000000e+04 3.862554711304255761e-03
3.603600000000000000e+04 -1.574729884850967210e-02
3.609600000000000000e+04 -1.236914220771723194e-02
3.615600000000000000e+04 -3.002957254466309678e-03
3.621600000000000000e+04 -2.648724714163108729e-03
3.627600000000000000e+04 -1.730642413349414710e-02
3.633600000000000000e+04 -3.797603390103176935e-02
3.639600000000000000e+04 -2.065753123952163151e-02
3.645600000000000000e+04 -6.350892211230529938e-03
3.651600000000000000e+04 8.943908283072232734e-03
3.657600000000000000e+04 2.322689649372478016e-02
3.663600000000000000e+04 -8.501900171722809318e-03
3.669600000000000000e+04 -3.324245315434382064e-02
3.675600000000000000e+04 -6.994732748353271745e-03
3.681600000000000000e+04 3.241291895392350852e-03
3.687600000000000000e+04 -1.553434722973179305e-02
3.693600000000000000e+04 -1.832161699530843180e-02
3.699600000000000000e+04 1.879516872577369213e-03
3.705600000000000000e+04 1.906908976707200054e-02
3.711600000000000000e+04 2.624713822115154471e-02
3.717600000000000000e+04 3.141369988679798553e-02
3.723600000000000000e+04 2.056881354019424180e-02
3.729600000000000000e+04 2.171251907475379994e-02
3.735600000000000000e+04 1.584485750299791107e-02
3.741600000000000000e+04 2.965870939988235477e-03
3.747600000000000000e+04 1.307560261284379521e-02
3.753600000000000000e+04 -8.259031446868903004e-04
3.759600000000000000e+04 -1.173860091421374818e-02
3.765600000000000000e+04 -1.166244416799600003e-02
3.771600000000000000e+04 -3.597385295506683178e-03
3.777600000000000000e+04 1.445662439891748363e-02
3.783600000000000000e+04 4.249963469283102313e-02
3.789600000000000000e+04 5.553169644372246694e-02
3.795600000000000000e+04 6.755286157476803055e-02
3.801600000000000000e+04 7.956318308333720779e-02
3.807600000000000000e+04 7.956271502371237148e-02
3.813600000000000000e+04 9.355151251020288328e-02
3.819600000000000000e+04 1.005296317052852828e-01
3.825600000000000000e+04 8.849712982646451565e-02
3.831600000000000000e+04 1.084540651254428667e-01
3.837600000000000000e+04 1.384004968977023964e-01
3.843600000000000000e+04 1.463364854662358994e-01
3.849600000000000000e+04 1.192620921792695299e-01
3.855600000000000000e+04 8.617737940949155018e-02
3.861600000000000000e+04 8.108241054287645966e-02
3.867600000000000000e+04 7.197724997240584344e-02
3.873600000000000000e+04 3.986196310052037006e-02
3.879600000000000000e+04 1.773661632159928558e-02
3.885600000000000000e+04 1.360127702810132178e-02
3.891600000000000000e+04 6.456013592469389550e-03
3.897600000000000000e+04 2.630089537069579819e-02
3.903600000000000000e+04 2.613599269352562260e-02
3.909600000000000000e+04 -1.403862314236903330e-02
3.915600000000000000e+04 -2.722287987853633240e-02
3.921600000000000000e+04 -2.041670430025988026e-02
3.927600000000000000e+04 -1.862002224515890703e-02
3.933600000000000000e+04 -2.283275861009315122e-02
3.939600000000000000e+04 -1.605483735147572588e-02
3.945600000000000000e+04 -3.928618149620888289e-02
3.951600000000000000e+04 -6.652671315987390699e-02
3.957600000000000000e+04 -4.577635352870856877e-02
3.963600000000000000e+04 -3.003502288629533723e-02
3.969600000000000000e+04 -2.530264061078923987e-02
3.975600000000000000e+04 -4.057912519328965573e-02
3.981600000000000000e+04 -3.386439422865805682e-02
3.987600000000000000e+04 -1.415836443356965901e-02
3.993600000000000000e+04 -7.460951651410141494e-03
3.999600000000000000e+04 1.322792914106685203e-02
4.005600000000000000e+04 2.890836382357520051e-02
4.011600000000000000e+04 1.558043913883011555e-02
4.017600000000000000e+04 1.924424265598645434e-02
4.023600000000000000e+04 5.489986279735603603e-02
4.029600000000000000e+04 4.354738880738295848e-02
4.035600000000000000e+04 3.218691075198876206e-02
4.041600000000000000e+04 4.481851951004500734e-02
4.047600000000000000e+04 5.244230677726591239e-02
4.053600000000000000e+04 4.405836502974125324e-02
4.059600000000000000e+04 2.066678755454631755e-02
4.065600000000000000e+04 2.676684052858036011e-04
4.071600000000000000e+04 -2.313889757624565391e-02
4.077600000000000000e+04 -1.655281479361292440e-02
4.083600000000000000e+04 -4.797398688424436841e-02
4.089600000000000000e+04 -3.402316732717736159e-03
4.095600000000000000e+04 -5.837706486090610269e-03
4.101600000000000000e+04 -3.128005755479534855e-02
4.107600000000000000e+04 -4.072927062225062400e-02
4.113600000000000000e+04 -5.418524565629923018e-02
4.119600000000000000e+04 -6.064788191542902496e-02
4.125600000000000000e+04 -5.511707794994435972e-02
4.131600000000000000e+04 -3.759273162904719356e-02
4.137600000000000000e+04 -3.207474012651800876e-02
4.143600000000000000e+04 -5.256299994834989775e-02
4.149600000000000000e+04 -5.605740693135885522e-02
4.155600000000000000e+04 -3.455785625192220323e-02
4.161600000000000000e+04 -1.306424243648507399e-02
4.167600000000000000e+04 -9.576459378877189010e-03
4.173600000000000000e+04 -1.109440032814745791e-02
4.179600000000000728e+04 1.738204208231763914e-02
4.185600000000000000e+04 8.852975833178788889e-03
4.191600000000000000e+04 -1.681490486589609645e-03
4.197600000000000000e+04 -9.221247690220479853e-03
4.203600000000000000e+04 -1.476618600827350747e-02
4.209600000000000728e+04 -1.331619508891890291e-02
4.215600000000000000e+04 -5.871164010386564769e-03
4.221600000000000000e+04 -1.543098129332065582e-02
4.227600000000000000e+04 -2.699553490310790949e-02
4.233600000000000000e+04 -4.564712266983406153e-03
4.239600000000000728e+04 1.286159972187306266e-02
4.245600000000000000e+04 1.728351469500921667e-02
4.251600000000000000e+04 2.070114680009282893e-02
4.257600000000000000e+04 3.114610688498942181e-03
4.263600000000000000e+04 -1.247597849669546122e-02
4.269600000000000728e+04 -2.070505120173038449e-03
4.275600000000000000e+04 4.331146929871465545e-03
4.281599999999999272e+04 1.729094229631300550e-03
4.287600000000000000e+04 2.123453817148401868e-03
4.293600000000000000e+04 1.851434317723033018e-02
4.299600000000000000e+04 1.590188023419614183e-02
4.305600000000000000e+04 3.528618334075872554e-02
4.311599999999999272e+04 5.166737127728993073e-02
4.317600000000000000e+04 3.204556322179996641e-02
