4.317600000000000000e+04 -4.409257751285622362e-02
4.311600000000000000e+04 -4.968549691420776071e-02
4.305600000000000000e+04 -5.727603761260979809e-02
4.299600000000000000e+04 -4.486431329678453039e-02
4.293600000000000000e+04 -3.845043754245125456e-02
4.287600000000000000e+04 -4.703452379908412695e-02
4.281600000000000000e+04 -4.761668538867525058e-02
4.275600000000000000e+04 -4.819703549492260208e-02
4.269600000000000000e+04 -3.877568715961388079e-02
4.263600000000000000e+04 -4.735275326402188512e-02
4.257600000000000000e+04 -5.192834653098543640e-02
4.251600000000000000e+04 -3.850257951580715599e-02
4.245600000000000000e+04 -4.075564593222225085e-03
4.239600000000000000e+04 1.335258604740374722e-02
4.233600000000000000e+04 6.781760411286086310e-03
4.227600000000000000e+04 4.211846701764443424e-03
4.221600000000000000e+04 1.964273333578603342e-02
4.215600000000000000e+04 2.707430894406570587e-02
4.209600000000000000e+04 9.506462387435021810e-03
4.203600000000000000e+04 -1.060917247741599567e-03
4.197600000000000000e+04 2.372059373556112405e-03
4.191600000000000000e+04 3.080528183090791572e-02
4.185600000000000000e+04 2.923863995783904102e-02
4.179600000000000000e+04 5.672023859006003477e-03
4.173600000000000000e+04 5.105323904899705667e-03
4.167600000000000000e+04 1.653843075291661080e-02
4.161600000000000000e+04 1.797123533924604999e-02
4.155600000000000000e+04 3.040362889987591188e-02
4.149600000000000000e+04 4.783550297452165978e-02
4.143600000000000000e+04 4.026674941269448027e-02
4.137600000000000000e+04 1.169726037915097550e-02
4.131600000000000000e+04 -2.487307163482910255e-02
4.125600000000000000e+04 -3.044435379979404388e-02
4.119600000000000000e+04 -4.201669294889143202e-02
4.113600000000000000e+04 -4.159019557118881494e-02
4.107600000000000000e+04 -3.216496779259614414e-02
4.101600000000000000e+04 -4.074111538102442864e-02
4.095600000000000000e+04 -1.731874372762831626e-02
4.089600000000000000e+04 1.310204214496479835e-02
4.083600000000000000e+04 7.521137607909622602e-03
4.077600000000000000e+04 4.938438421049795579e-03
4.071600000000000000e+04 1.135384074586909264e-02
4.065600000000000000e+04 1.876724115481920308e-02
4.059600000000000000e+04 3.617853662944980897e-02
4.053600000000000000e+04 4.758762457186094252e-02
4.047600000000000000e+04 3.399440282282739645e-02
4.041600000000000000e+04 1.139876964953145944e-02
4.035600000000000000e+04 9.800623769478988834e-03
4.029600000000000000e+04 -1.080013565569970524e-02
4.023600000000000000e+04 -2.840360900336236227e-02
4.017600000000000000e+04 -1.300989617993764114e-02
4.011600000000000000e+04 2.380903370976739097e-03
4.005600000000000000e+04 -7.231309317830891814e-03
3.999600000000000000e+04 -1.884663271630415693e-02
3.993600000000000000e+04 -1.246516480750869960e-02
3.987600000000000000e+04 2.912996918894350529e-03
3.981600000000000000e+04 6.287755488301627338e-03
3.975600000000000000e+04 5.659014434968412388e-03
3.969600000000000000e+04 1.026677812660636846e-03
3.963600000000000000e+04 -1.360934979857120197e-02
3.957600000000000000e+04 -1.024916328242397867e-02
3.951600000000000000e+04 4.107143015971814748e-03
3.945600000000000000e+04 2.245947529536351794e-02
3.939600000000000000e+04 2.280774030987231527e-02
3.933600000000000000e+04 -9.848154630162753165e-03
3.927600000000000000e+04 -8.508301642905280460e-03
3.921600000000000000e+04 4.827207721973536536e-03
3.915600000000000000e+04 2.158282492928265128e-03
3.909600000000000000e+04 -9.515167710560490377e-03
3.903600000000000000e+04 -1.919323268703010399e-02
3.897600000000000000e+04 -2.587600162951275706e-02
3.891600000000000000e+04 -4.056356313139986014e-02
3.885600000000000000e+04 -3.525600517241400667e-02
3.879600000000000000e+04 -2.495341511712467764e-02
3.873600000000000000e+04 -1.365587970849446720e-02
3.867600000000000000e+04 -9.363485065478016622e-03
3.861600000000000000e+04 -8.076316663391480688e-03
3.855600000000000000e+04 1.520554065609758254e-02
3.849600000000000000e+04 2.948200270384404575e-02
3.843600000000000000e+04 1.375298593302431982e-02
3.837600000000000000e+04 -1.198159253908670507e-02
3.831600000000000000e+04 -1.172181492711388273e-02
3.825600000000000000e+04 -1.146776278164907126e-02
3.819600000000000000e+04 -1.921951698204793502e-02
3.813600000000000000e+04 -1.797715771863295231e-02
3.807600000000000000e+04 -3.674076449897256680e-02
3.801600000000000000e+04 -4.651041613851703005e-02
3.795600000000000000e+04 -3.028619075666938443e-02
3.789600000000000000e+04 9.318342345068231225e-04
3.783600000000000000e+04 -6.856417874587350525e-03
3.777600000000000000e+04 -6.651023077210993506e-03
3.771600000000000000e+04 1.854794335122278426e-02
3.765600000000000000e+04 2.774040686108492082e-02
3.759600000000000000e+04 2.992629363234300399e-02
3.753600000000000000e+04 3.410553057710785652e-02
3.747600000000000000e+04 4.027804534598544706e-02
3.741600000000000000e+04 5.244376634072978050e-02
3.735600000000000000e+04 4.360262270256498596e-02
3.729600000000000000e+04 3.275454433423874434e-02
3.723600000000000000e+04 1.389946189647162100e-02
3.717600000000000000e+04 -2.296269318594568176e-02
3.711600000000000000e+04 -1.683198872433422366e-02
3.705600000000000000e+04 -6.708491748213418759e-03
3.699600000000000000e+04 2.407731482890085317e-03
3.693600000000000000e+04 5.166154987819027156e-04
3.687600000000000000e+04 -3.381904389243572950e-03
3.681600000000000000e+04 2.171210792766942177e-02
3.675600000000000000e+04 3.679858934810908977e-02
3.669600000000000000e+04 3.387747757551551331e-02
3.663600000000000000e+04 7.948711117933271453e-03
3.657600000000000000e+04 -1.398777071062795585e-02
3.651600000000000000e+04 -2.393202778148406651e-02
3.645600000000000000e+04 -1.388411914376774803e-02
3.639600000000000000e+04 -7.844103035495209042e-03
3.633600000000000000e+04 -1.881203685752552701e-02
3.627600000000000000e+04 -2.178797719534486532e-02
3.621600000000000000e+04 -3.377197978625190444e-02
3.615600000000000000e+04 -3.676409954459813889e-02
3.609600000000000000e+04 -4.476439052814384922e-02
3.603600000000000000e+04 -4.377290596494276542e-02
3.597600000000000000e+04 -9.789698226995824371e-03
3.591600000000000000e+04 6.185181161526998039e-03
3.585600000000000000e+04 1.151681536612159107e-03
3.579600000000000000e+04 -4.890246914328599814e-03
3.573600000000000000e+04 1.305934687025001040e-02
3.567600000000000000e+04 3.200041480431536911e-02
3.561600000000000000e+04 2.693290967727079988e-02
3.555600000000000000e+04 4.085678515002655331e-02
3.549600000000000000e+04 5.377199575832491973e-02
3.543600000000000000e+04 4.967849691729497863e-02
3.537600000000000000e+04 3.357624492036848096e-02
3.531600000000000000e+04 7.465196945304342080e-03
3.525600000000000000e+04 2.234531106296344660e-02
3.519600000000000000e+04 2.821654622857749928e-02
3.513600000000000000e+04 3.207886229029099923e-02
3.507600000000000000e+04 3.393221999249362852e-02
3.501600000000000000e+04 9.776580981451843400e-03
3.495600000000000000e+04 2.611907798382162582e-03
3.489600000000000000e+04 -1.561836109431169461e-03
3.483600000000000000e+04 -2.274468638734106207e-02
3.477600000000000000e+04 -4.193667777508380823e-02
3.471600000000000000e+04 -2.513784410075459164e-02
3.465600000000000000e+04 -1.134821828236454166e-02
3.459600000000000000e+04 -2.567832319073204417e-03
3.453600000000000000e+04 -3.796717293880647048e-03
3.447600000000000000e+04 -3.203490337273251498e-02
3.441600000000000000e+04 -9.282419798182672821e-03
3.435600000000000000e+04 2.546070510561548872e-02
3.429600000000000000e+04 3.319444394855963765e-02
3.423600000000000000e+04 4.991877025622670772e-02
3.417600000000000000e+04 4.163365849126421381e-02
3.411600000000000000e+04 1.733908404276007786e-02
3.405600000000000000e+04 9.035023227625060827e-03
3.399600000000000000e+04 -2.278546693560201675e-03
3.393600000000000000e+04 -8.601647535215306561e-03
3.387600000000000000e+04 -3.934300172659277450e-03
3.381600000000000000e+04 -1.227652454235794721e-02
3.375600000000000000e+04 -1.162833964372111950e-02
3.369600000000000000e+04 -1.198976353407488205e-02
3.363600000000000000e+04 -8.360813333638361655e-03
3.357600000000000000e+04 -2.374150521882256726e-02
3.351600000000000000e+04 -6.913185442044778029e-02
3.345600000000000000e+04 -6.453187522947700927e-02
3.339600000000000000e+04 -3.094158099065680290e-02
3.333600000000000000e+04 -3.936098410031263484e-02
3.327600000000000000e+04 -3.779009601385041606e-02
3.321600000000000000e+04 -2.822892723452241626e-02
3.315600000000000000e+04 -2.267748732174368342e-02
3.309600000000000000e+04 -3.135784884761960711e-03
3.303600000000000000e+04 1.396172412569285370e-03
3.297600000000000000e+04 -4.081622136254736688e-03
3.291600000000000000e+04 4.430825695635576267e-03
3.285600000000000000e+04 2.393351110276853433e-02
3.279600000000000000e+04 1.742643021407275228e-02
3.273600000000000000e+04 9.095801178773399442e-04
3.267599999999999636e+04 -5.617041153527679853e-03
3.261600000000000000e+04 -2.415343461325392127e-02
3.255600000000000000e+04 -4.869960032920062076e-02
3.249600000000000364e+04 -7.025553742096235510e-02
3.243600000000000000e+04 -7.682124405346257845e-02
3.237600000000000000e+04 -7.739671744820952881e-02
3.231600000000000000e+04 -8.098195387537998613e-02
3.225600000000000000e+04 -3.857694865564553766e-02
3.219600000000000000e+04 3.818303833213576581e-03
3.213600000000000000e+04 -1.079618984294938855e-02
3.207600000000000000e+04 -1.242042216017580358e-02
3.201600000000000000e+04 9.945615342076052912e-03
3.195600000000000000e+04 9.301932069320173468e-03
3.189600000000000000e+04 1.864853837287228089e-02
3.183600000000000000e+04 2.298544554560066899e-02
3.177600000000000000e+04 4.031266582205716986e-02
3.171600000000000000e+04 6.063021237969223876e-02
3.165600000000000000e+04 6.693809933040029136e-02
3.159600000000000000e+04 8.023634172877791570e-02
3.153600000000000000e+04 9.252495556847861735e-02
3.147600000000000000e+04 8.580395776698424015e-02
3.141600000000000000e+04 7.307336619396664901e-02
3.135600000000000000e+04 7.033319963647954864e-02
3.129600000000000000e+04 5.758347781738848425e-02
3.123600000000000000e+04 3.182422139343543677e-02
3.117600000000000000e+04 2.305545194212754723e-02
3.111600000000000000e+04 2.527719197132682893e-02
3.105600000000000000e+04 5.048946491479000542e-02
3.099600000000000000e+04 4.869229512132733362e-02
3.093600000000000000e+04 3.188570786642230814e-02
3.087600000000000000e+04 1.406972934364603134e-02
3.081600000000000000e+04 -2.275561334408848779e-02
3.075600000000000000e+04 -3.259029217042552773e-02
3.069600000000000000e+04 -7.434278204527799971e-03
3.063600000000000000e+04 2.712458398491435219e-03
3.057600000000000000e+04 5.849948385730385780e-03
3.051600000000000000e+04 -8.021776588066131808e-03
3.045600000000000000e+04 -2.990268396661122097e-02
3.039600000000000000e+04 -1.079274029325461015e-02
3.033600000000000000e+04 -1.269191121991752880e-02
3.027600000000000000e+04 -6.600161495953216217e-03
3.021600000000000000e+04 2.048254501278279349e-02
3.015600000000000000e+04 -4.437546667759306729e-04
3.009600000000000000e+04 -1.637902262154966593e-02
3.003600000000000000e+04 -2.632322006320464425e-02
2.997600000000000000e+04 -5.327630731426324928e-02
2.991600000000000000e+04 -1.923824382629391039e-02
2.985600000000000000e+04 7.910118192739901133e-04
2.979600000000000000e+04 -5.188498083043668885e-03
2.973600000000000000e+04 1.382326962539082160e-02
2.967600000000000000e+04 -7.173641033659805544e-03
2.961600000000000000e+04 1.182081481874774909e-02
2.955600000000000000e+04 2.280668291950860294e-02
2.949600000000000000e+04 1.078400986352789914e-02
2.943600000000000000e+04 3.375284308549453272e-02
2.937600000000000000e+04 1.671323086702614091e-02
2.931600000000000000e+04 -1.233477766527357744e-02
2.925600000000000000e+04 -8.391132546421431471e-03
2.919600000000000000e+04 -2.145578298132022610e-02
2.913600000000000000e+04 -4.152867734592291526e-02
2.907600000000000000e+04 -2.060976318807661301e-02
2.901600000000000000e+04 -4.698987230767670553e-03
2.895600000000000000e+04 1.220370461214770330e-02
2.889600000000000000e+04 6.209836724519846030e-02
2.883600000000000000e+04 5.998505638217466185e-02
2.877600000000000000e+04 2.286382853799295845e-02
2.871600000000000000e+04 1.073474103213811759e-02
2.865600000000000000e+04 -3.540214802433183650e-02
2.859600000000000000e+04 -5.354677972536592279e-02
2.853600000000000000e+04 -3.669909438121976564e-02
2.847600000000000000e+04 -4.185903152119863080e-02
2.841600000000000000e+04 -2.302652989510534098e-02
2.835600000000000000e+04 -1.820152747768588597e-02
2.829600000000000000e+04 -3.338396148501487914e-02
2.823600000000000000e+04 -1.757376835939794546e-02
2.817600000000000000e+04 -1.770883795870759059e-03
2.811600000000000000e+04 1.024757269988185726e-03
2.805600000000000000e+04 1.581322064794221660e-02
2.799600000000000000e+04 2.759457289175770711e-02
2.793600000000000000e+04 2.536888129088765709e-02
2.787600000000000000e+04 2.613621386990416795e-02
2.781600000000000000e+04 3.089663937225850532e-02
2.775600000000000000e+04 1.165022727036557626e-02
2.769600000000000000e+04 1.539704774859274039e-02
2.763600000000000000e+04 5.013717170822928892e-02
2.757600000000000000e+04 3.287067074688820867e-02
2.751600000000000000e+04 3.597617169361910783e-03
2.745600000000000000e+04 1.031808396328415256e-02
2.739600000000000000e+04 1.903214481717441231e-02
2.733600000000000000e+04 -1.226012590541358804e-02
2.727600000000000000e+04 -3.255865316623385297e-02
2.721600000000000000e+04 -1.686336124657827895e-02
2.715600000000000000e+04 -3.017417377668607514e-02
2.709600000000000000e+04 -5.149101371989672771e-02
2.703600000000000000e+04 -3.181380338446615497e-02
2.697600000000000000e+04 -2.214246443872980308e-02
2.691600000000000000e+04 -1.447691790690441849e-02
2.685600000000000000e+04 1.829158181863022037e-04
2.679600000000000000e+04 1.583711698003753554e-02
2.673600000000000000e+04 3.248576642999978503e-02
2.667600000000000000e+04 2.128945648109947797e-03
2.661600000000000000e+04 -1.823326328212715453e-02
2.655600000000000000e+04 4.399222323627327569e-03
2.649600000000000000e+04 2.648574718477902934e-05
2.643600000000000000e+04 -1.435138913529954152e-02
2.637600000000000000e+04 1.526568212648271583e-02
2.631600000000000000e+04 6.877784567222988699e-03
2.625600000000000000e+04 -2.951499621394759743e-02
2.619600000000000000e+04 -3.291257405089709209e-02
2.613600000000000000e+04 -1.731486222251987783e-02
2.607600000000000000e+04 -1.472177346204261994e-02
2.601600000000000000e+04 -2.913321995583828539e-02
2.595600000000000000e+04 -2.954911335382348625e-02
2.589600000000000000e+04 -1.696936478583666030e-02
2.583600000000000000e+04 -3.039388484467053786e-02
2.577600000000000000e+04 -1.582258362486754777e-02
2.571600000000000000e+04 1.474462929945730139e-02
2.565600000000000000e+04 1.030784484373725718e-02
2.559600000000000000e+04 9.867154424682667013e-03
2.553600000000000000e+04 1.042264994066499639e-02
2.547600000000000000e+04 1.097442377249535639e-02
2.541600000000000000e+04 -5.477431231156515423e-03
2.535600000000000000e+04 -2.293282175833155634e-02
2.529600000000000000e+04 -2.391654033999657258e-03
2.523600000000000000e+04 1.514616615713748615e-02
2.517600000000000000e+04 -1.319266522841644473e-03
2.511600000000000000e+04 9.212143026161356829e-03
2.505600000000000000e+04 5.740490320931712631e-03
2.499600000000000000e+04 -1.973412869301682804e-02
2.493600000000000000e+04 -1.621161766161094420e-02
2.487600000000000000e+04 -1.769187983245501528e-02
2.481600000000000000e+04 -4.617481804871204076e-02
2.475600000000000000e+04 -3.566033477181917988e-02
2.469600000000000000e+04 -3.148332075397775043e-03
2.463600000000000000e+04 -3.638711667008465156e-03
2.457600000000000000e+04 -3.413137488587381085e-02
2.451600000000000000e+04 -5.662622271756845294e-02
2.445600000000000000e+04 -4.512315579177084146e-02
2.439600000000000000e+04 -8.622074402410362381e-03
2.433600000000000000e+04 7.877121492128935643e-03
2.427600000000000000e+04 2.374532255998929031e-03
2.421600000000000000e+04 -8.129741429911518935e-03
2.415600000000000000e+04 -2.863559856723441044e-02
2.409600000000000000e+04 -3.314293786297639599e-02
2.403600000000000000e+04 -6.516577323054661974e-04
2.397600000000000000e+04 6.838343696472293232e-03
2.391600000000000000e+04 -4.067283142740052426e-02
2.385600000000000000e+04 -5.618508068982919212e-02
2.379600000000000000e+04 -4.069830141270358581e-02
2.373600000000000000e+04 -2.421239066734415246e-02
2.367600000000000000e+04 -9.727245284011587501e-03
2.361600000000000000e+04 -5.242761851150135044e-03
2.355600000000000000e+04 4.241163263941416517e-03
2.349600000000000000e+04 1.672463391241763020e-02
2.343600000000000000e+04 2.077541585094877519e-04
2.337600000000000000e+04 -2.330937173610436730e-02
2.331600000000000000e+04 1.217336069203156512e-02
2.325600000000000000e+04 6.065605608000623761e-02
2.319600000000000000e+04 5.913881924789166078e-02
2.313600000000000000e+04 4.262175518761068815e-02
2.307600000000000000e+04 4.610496903842431493e-02
2.301600000000000000e+04 6.758856609940266935e-02
2.295600000000000000e+04 8.407265180994727416e-02
2.289600000000000000e+04 9.355733173924818402e-02
2.283600000000000000e+04 6.704271158650954021e-02
2.277600000000000000e+04 3.852889716927165864e-02
2.271600000000000000e+04 5.201599440169957234e-02
2.265600000000000000e+04 5.650410930593352532e-02
2.259600000000000000e+04 4.499334799493226456e-02
2.253600000000000000e+04 3.848381665648048511e-02
2.247600000000000000e+04 3.897562155725609045e-02
2.241600000000000000e+04 3.046886902575351996e-02
2.235600000000000000e+04 1.596366544436023105e-02
2.229600000000000000e+04 -2.053988275292795151e-02
2.223600000000000000e+04 -3.604166910099593224e-02
2.217600000000000000e+04 -4.154158709934563376e-02
2.211600000000000000e+04 -4.203953022988571320e-02
2.205600000000000000e+04 -7.535391967394389212e-03
2.199600000000000000e+04 1.097093422231409932e-02
2.193600000000000000e+04 -2.520445131267479155e-03
2.187600000000000000e+04 -2.200942352283163927e-02
2.181600000000000000e+04 -2.649589446264144499e-02
2.175600000000000000e+04 -3.697975149589183275e-02
2.169600000000000000e+04 -6.046088821130979341e-02
2.163600000000000000e+04 -9.593919824419572251e-02
2.157600000000000000e+04 -9.241457529515173519e-02
2.151600000000000000e+04 -7.688691312887385720e-02
2.145600000000000000e+04 -8.035610558363259770e-02
2.139600000000000000e+04 -9.182204659100534627e-02
2.133600000000000000e+04 -8.728463017178000882e-02
2.127600000000000000e+04 -6.674375045258784667e-02
2.121600000000000000e+04 -4.319930167548591271e-02
2.115600000000000000e+04 -3.165117819662555121e-02
2.109600000000000000e+04 -2.609927451158000622e-02
2.103600000000000000e+04 -1.254348524707893375e-02
2.097600000000000000e+04 -4.983705186532461084e-03
2.091600000000000000e+04 1.258017074178496841e-02
2.085600000000000000e+04 2.314824743189092260e-02
2.079600000000000000e+04 1.572062960622133687e-02
2.073600000000000000e+04 2.529742180740868207e-02
2.067600000000000000e+04 5.287872838107432472e-02
2.061600000000000000e+04 3.246465347365301568e-02
2.055600000000000000e+04 8.055301021158811636e-03
2.049600000000000000e+04 -3.349225260535604320e-03
2.043600000000000000e+04 7.251178116348455660e-03
2.037600000000000000e+04 1.085661439901741687e-02
2.031600000000000000e+04 -7.532813399848237168e-03
2.025600000000000000e+04 -3.917002535672509111e-03
2.019600000000000000e+04 1.170414948046527570e-02
2.013600000000000000e+04 2.233074486593977781e-02
2.007600000000000000e+04 4.596288554785132874e-02
2.001600000000000000e+04 5.060067317572247703e-02
1.995600000000000000e+04 2.624420909342006780e-02
1.989600000000000000e+04 7.893594337474496569e-03
1.983600000000000000e+04 1.548929627460893244e-03
1.977600000000000000e+04 2.210315362390247174e-03
1.971600000000000000e+04 -2.122148396665579639e-03
1.965600000000000000e+04 -1.044836193068476859e-02
1.959600000000000000e+04 2.023177412866061786e-02
1.953600000000000000e+04 5.691835878951678751e-02
1.947600000000000000e+04 4.661149069579550996e-02
1.941600000000000000e+04 3.931126810493879020e-02
1.935600000000000000e+04 6.201778889771958347e-02
1.929600000000000000e+04 9.973115055709058652e-02
1.923600000000000000e+04 1.264514501581288641e-01
1.917600000000000000e+04 1.011787843735874048e-01
1.911600000000000000e+04 7.491324944294319721e-02
1.905600000000000000e+04 7.265494119110371685e-02
1.899600000000000000e+04 8.740395499808073509e-02
1.893600000000000000e+04 9.016038579738960834e-02
1.887600000000000000e+04 7.492432807066506939e-02
1.881600000000000000e+04 4.669587583430256927e-02
1.875600000000000000e+04 3.647512263796670595e-02
1.869600000000000000e+04 3.326216154528083280e-02
1.863600000000000000e+04 2.605708513510762714e-02
1.857600000000000000e+04 4.859985494476859458e-03
1.851600000000000000e+04 -1.532904580290050944e-02
1.845600000000000000e+04 -2.950991769102984108e-02
1.839600000000000000e+04 -3.368253962617018260e-02
1.833600000000000000e+04 -2.684682159724616213e-02
1.827600000000000000e+04 -2.400267412212997442e-02
1.821600000000000000e+04 -3.415000827590120025e-02
1.815600000000000000e+04 -3.028873568200651789e-02
1.809600000000000000e+04 -1.041876852286804933e-02
1.803600000000000000e+04 6.459980441832158249e-03
1.797600000000000000e+04 -8.652402123516367283e-03
1.791600000000000000e+04 -4.755830137582961470e-03
1.785600000000000000e+04 2.149781879779766314e-03
1.779600000000000000e+04 1.506451881505199708e-02
1.773600000000000000e+04 3.698846493534801994e-02
1.767600000000000000e+04 5.792170390031969873e-02
1.761600000000000000e+04 4.686431872778484831e-02
1.755600000000000000e+04 4.181639181751961587e-02
1.749600000000000000e+04 4.477800492259120801e-02
1.743600000000000000e+04 1.374923914045211859e-02
1.737600000000000000e+04 -8.269825082606985234e-03
1.731600000000000000e+04 2.272089203324867412e-02
1.725600000000000000e+04 4.172146959899691865e-02
1.719600000000000000e+04 2.173198603941273177e-02
1.713600000000000000e+04 1.575251909616781631e-02
1.707600000000000000e+04 1.078314581354788970e-02
1.701600000000000000e+04 -1.417605746519257082e-02
1.695600000000000000e+04 -2.312501510459696874e-02
1.689600000000000000e+04 -2.506365219687722856e-02
1.683600000000000000e+04 -9.991894541599322110e-03
1.677600000000000000e+04 3.090331316343508661e-03
1.671600000000000000e+04 1.183098094770684838e-03
1.665600000000000000e+04 1.286477769099292345e-03
1.659600000000000000e+04 3.840054155807592906e-02
1.653600000000000000e+04 6.252535992189223180e-02
1.647600000000000000e+04 2.366100255494529847e-02
1.641600000000000000e+04 4.807538370187103283e-03
1.635600000000000000e+04 1.696503550556371920e-02
1.629600000000000000e+04 2.913356130375177599e-02
1.623600000000000000e+04 3.531318232489866205e-02
1.617600000000000000e+04 2.350396430756518384e-02
1.611600000000000000e+04 1.470597220122726867e-02
1.605600000000000000e+04 -1.808072987387276953e-02
1.599600000000000000e+04 -2.485607861490279902e-02
1.593600000000000000e+04 -3.762001154791505542e-02
1.587600000000000000e+04 -5.437246703513665125e-02
1.581600000000000000e+04 -6.811338427905866411e-02
1.575600000000000000e+04 -8.884270333419408416e-02
1.569600000000000000e+04 -1.035603651052952046e-01
1.563600000000000000e+04 -1.132663113621674711e-01
1.557600000000000000e+04 -1.269604847393566160e-01
1.551600000000000000e+04 -1.406428287482412998e-01
1.545600000000000000e+04 -1.513132877726093284e-01
1.539600000000000000e+04 -1.549718070928065572e-01
1.533600000000000000e+04 -1.486183328725019237e-01
1.527600000000000000e+04 -1.402528121752766310e-01
1.521600000000000000e+04 -1.308751929700520122e-01
1.515600000000000000e+04 -1.114854241359353182e-01
1.509600000000000000e+04 -7.908345546366035705e-02
1.503600000000000000e+04 -5.666923767057596706e-02
1.497600000000000000e+04 -2.624272239609126700e-02
1.491600000000000000e+04 -4.803862213520915247e-03
1.485600000000000000e+04 2.647389361300156452e-03
1.479600000000000000e+04 2.011107787802757230e-02
1.473600000000000000e+04 2.558724792834254913e-02
1.467600000000000000e+04 5.007594315611640923e-02
1.461600000000000000e+04 4.957720624406647403e-02
1.455600000000000000e+04 5.709107890379527817e-02
1.449600000000000000e+04 5.261760188750486122e-02
1.443600000000000000e+04 6.115681496157776564e-02
1.437600000000000000e+04 7.770875692312984029e-02
1.431600000000000000e+04 9.927346557196869981e-02
1.425600000000000000e+04 9.685097773035522550e-02
1.419600000000000000e+04 8.944132921442360384e-02
1.413600000000000000e+04 6.804455484871141380e-02
1.407600000000000000e+04 6.066068844847904984e-02
1.401600000000000000e+04 6.928976282324583735e-02
1.395600000000000000e+04 9.893180976541771088e-02
1.389600000000000000e+04 1.195868600543690263e-01
1.383600000000000000e+04 1.342549434430111432e-01
1.377600000000000000e+04 1.249360886586146080e-01
1.371600000000000000e+04 1.156303233947255649e-01
1.365600000000000000e+04 1.133376743146072840e-01
1.359600000000000000e+04 9.805816704010794638e-02
1.353600000000000000e+04 8.879182614691671915e-02
1.347600000000000000e+04 6.653867516433820128e-02
1.341600000000000000e+04 5.929873657532880316e-02
1.335600000000000000e+04 5.407203179947828176e-02
1.329600000000000000e+04 2.985858120428019902e-02
1.323600000000000000e+04 2.465840408785879845e-02
1.317600000000000000e+04 1.547151868817309150e-02
1.311600000000000000e+04 1.297942170822352637e-03
1.305600000000000000e+04 -1.386230937259824714e-02
1.299600000000000000e+04 -1.500922092418477405e-02
1.293600000000000000e+04 -8.142778552610252518e-03
1.287600000000000000e+04 -1.326296940442261985e-02
1.281600000000000000e+04 -1.436978171386726899e-02
1.275600000000000000e+04 -6.463204804276756477e-03
1.269600000000000000e+04 -1.254322908880567411e-02
1.263600000000000000e+04 -3.660984608450235100e-02
1.257600000000000000e+04 -3.666304839771328261e-02
1.251600000000000000e+04 -4.270282974266592646e-02
1.245600000000000000e+04 -6.172918493030010723e-02
1.239600000000000000e+04 -6.274210988431150327e-02
1.233600000000000000e+04 -7.874160163464694051e-02
1.227600000000000000e+04 -5.572765832312143175e-02
1.221600000000000000e+04 -5.570027920202846872e-02
1.215600000000000000e+04 -6.065946464514127001e-02
1.209600000000000000e+04 -5.860521613976743538e-02
1.203600000000000000e+04 -5.653753629576385720e-02
1.197600000000000000e+04 -5.745642884630797198e-02
1.191600000000000000e+04 -5.536189864415064221e-02
1.185600000000000000e+04 -4.225395167577516986e-02
1.179600000000000000e+04 -3.913259504679444944e-02
1.173600000000000000e+04 -3.899783699944237014e-02
1.167600000000000000e+04 -2.184968690380628686e-02
1.161600000000000000e+04 -5.688155263669614214e-03
1.155600000000000000e+04 -7.513253716751933098e-03
1.149600000000000000e+04 -2.324995036360633094e-03
1.143600000000000000e+04 8.766068667682702653e-04
1.137600000000000000e+04 -2.190846305711602326e-02
1.131600000000000000e+04 -2.168022099522204371e-02
1.125600000000000000e+04 -2.543868427528650500e-02
1.119600000000000000e+04 -3.218387136530509451e-02
1.113600000000000000e+04 -2.191580187718500383e-02
1.107600000000000000e+04 -3.563449656940065324e-02
1.101600000000000000e+04 -3.833997733272553887e-02
1.095600000000000000e+04 -2.503226721182727488e-02
1.089600000000000000e+04 -1.271139039272384252e-02
1.083600000000000000e+04 -3.137737220731651178e-02
1.077600000000000000e+04 -4.003023913355718832e-02
1.071600000000000000e+04 -3.767001878986775409e-02
1.065600000000000000e+04 -3.129673994953918736e-02
1.059600000000000000e+04 5.089567473987699486e-03
1.053600000000000000e+04 1.948887242633645656e-02
1.047600000000000000e+04 1.590114269492914900e-02
1.041600000000000000e+04 2.132634493409568677e-02
1.035600000000000000e+04 -3.235555359424324706e-03
1.029600000000000000e+04 -3.784593822274473496e-03
1.023600000000000000e+04 1.679192758274439257e-03
1.017600000000000000e+04 2.415576645125838695e-02
1.011600000000000000e+04 3.264508818301692372e-02
1.005600000000000000e+04 2.414711773781164084e-02
9.996000000000000000e+03 5.766181375929591013e-02
9.936000000000000000e+03 4.818913374492694857e-02
9.876000000000000000e+03 3.872903405863326043e-02
9.816000000000000000e+03 2.128146992617985234e-02
9.756000000000000000e+03 -1.536045783723238856e-04
9.696000000000000000e+03 3.842376350348786218e-02
9.636000000000000000e+03 -3.986474020166497212e-03
9.576000000000000000e+03 -6.384366470228997059e-03
9.516000000000000000e+03 -2.769964298749982845e-03
9.456000000000000000e+03 -5.143319088347197976e-03
9.396000000000000000e+03 -2.504483551092562266e-03
9.336000000000000000e+03 -3.185351152933435515e-02
9.276000000000000000e+03 -2.619045798473962350e-02
9.216000000000000000e+03 -6.351537900627590716e-02
9.156000000000000000e+03 -8.382833180348825408e-02
9.096000000000000000e+03 -7.512937470255565131e-02
9.036000000000000000e+03 -6.841856715163885383e-02
8.976000000000000000e+03 -7.369596970693237381e-02
8.916000000000000000e+03 -8.096164404105365975e-02
8.856000000000000000e+03 -9.721565293602907332e-02
8.796000000000000000e+03 -1.174580602773858118e-01
8.736000000000000000e+03 -8.968893106066389009e-02
8.676000000000000000e+03 -6.390833137720619561e-02
8.616000000000000000e+03 -7.011632841840764740e-02
8.556000000000000000e+03 -6.431299047471839003e-02
8.496000000000000000e+03 -4.049838692480989266e-02
8.436000000000000000e+03 -4.167258824145392282e-02
8.376000000000000000e+03 -2.683566597988829017e-02
8.316000000000000000e+03 -9.876927770164911635e-04
8.256000000000000000e+03 -2.012874235606432194e-02
8.196000000000000000e+03 -1.525888950891385321e-02
8.136000000000000000e+03 1.362178989620588254e-02
8.076000000000000000e+03 -1.548678107883461053e-02
8.016000000000000000e+03 -3.358468043370521627e-02
7.956000000000000000e+03 2.032801276891404996e-02
7.896000000000000000e+03 5.251218404737301171e-03
7.836000000000000000e+03 -2.815144691339810379e-03
7.776000000000000000e+03 1.412884124874835834e-02
7.716000000000000000e+03 -1.591690703662607120e-02
7.656000000000000000e+03 -3.695247385621769354e-02
7.596000000000000000e+03 -1.597794455574330641e-02
7.536000000000000000e+03 -3.599340551045315806e-02
7.476000000000000000e+03 -5.599894412625872064e-02
7.416000000000000000e+03 -2.499464882839674829e-02
7.356000000000000000e+03 -1.398060905830789125e-02
7.296000000000000000e+03 -5.956915279966779053e-03
7.236000000000000000e+03 -3.192365895210969029e-02
7.176000000000000000e+03 -6.288093254715931835e-02
7.116000000000000000e+03 -8.782882953255466418e-02
7.056000000000000000e+03 -5.576744436621083878e-02
6.996000000000000000e+03 -5.696872497537697200e-03
6.936000000000000000e+03 -3.061721035737718921e-02
6.876000000000000000e+03 -1.235285553530047764e-01
6.816000000000000000e+03 -6.243100586380023742e-02
6.756000000000000000e+03 -4.532466123237099964e-02
6.696000000000000000e+03 -1.062096217674479703e-01
6.636000000000000000e+03 -8.708598872362927068e-02
6.576000000000000000e+03 1.104613568350032438e-02
6.516000000000000000e+03 -1.181335169258090900e-02
6.456000000000000000e+03 -8.766455493878311245e-02
6.396000000000000000e+03 -6.350757907785009593e-02
6.336000000000000000e+03 -7.334253005137725268e-02
6.276000000000000000e+03 -1.031695147212303709e-01
6.216000000000000000e+03 -1.399886408607926569e-01
6.156000000000000000e+03 -1.468000171471430804e-01
6.096000000000000000e+03 -1.856037531597394263e-01
6.036000000000000000e+03 -2.433999593695261865e-01
5.976000000000000000e+03 -2.591887471326117520e-01
5.916000000000000000e+03 -1.679702286828614888e-01
5.856000000000000000e+03 2.625548287051060470e-02
5.796000000000000000e+03 1.424882735536812106e-01
5.736000000000000000e+03 1.007280285384695162e-01
5.676000000000000000e+03 7.797463214046729263e-02
5.616000000000000000e+03 1.282279678343911655e-01
5.556000000000000000e+03 2.524879182574295555e-01
5.496000000000000000e+03 4.037543652148087858e-01
5.436000000000000000e+03 4.890271896892954828e-01
5.376000000000000000e+03 5.403062718587534619e-01
5.316000000000000000e+03 4.905914910768842674e-01
5.256000000000000000e+03 3.698827259104291443e-01
5.196000000000000000e+03 3.531798541307580308e-01
5.136000000000000000e+03 2.654827527248926344e-01
5.076000000000000000e+03 2.257912979021057254e-01
5.016000000000000000e+03 1.311053651052134228e-01
4.956000000000000000e+03 1.144248290138420998e-01
4.896000000000000000e+03 5.774956355890026316e-02
4.836000000000000000e+03 5.107944192695867969e-02
4.776000000000000000e+03 9.414336557711067144e-03
4.716000000000000000e+03 2.275411918526515365e-02
4.656000000000000000e+03 -2.901339201343944296e-03
4.596000000000000000e+03 -2.855216830539575312e-02
4.536000000000000000e+03 8.801501459856808651e-03
4.476000000000000000e+03 1.159538985120889265e-03
4.416000000000000000e+03 -2.447818751988961594e-02
4.356000000000000000e+03 -1.211181052531173918e-02
4.296000000000000000e+03 -6.741463166690664366e-03
4.236000000000000000e+03 -8.367279242520453408e-03
4.176000000000000000e+03 2.101060680342925480e-02
4.116000000000000000e+03 -2.760794011737743858e-02
4.055999999999999545e+03 -6.223055723239667714e-03
3.996000000000000000e+03 -3.583487636205973104e-02
3.936000000000000000e+03 3.155646101549791638e-02
3.876000000000000000e+03 -5.104918115739565110e-02
3.816000000000000000e+03 -4.651941037991491612e-03
3.756000000000000000e+03 -2.251957366752321832e-03
3.696000000000000000e+03 1.815063053254561964e-02
3.636000000000000000e+03 -6.244431722552690189e-02
3.576000000000000000e+03 2.096305891245719977e-02
3.516000000000000000e+03 -1.162738204584456980e-02
3.456000000000000000e+03 7.842183676984859630e-04
3.396000000000000000e+03 -3.802281908974691760e-03
3.336000000000000000e+03 5.612974544419557787e-03
3.276000000000000000e+03 -1.097015535833634203e-02
3.216000000000000000e+03 -4.655181520774931414e-02
3.156000000000000000e+03 1.786785091917408863e-02
3.096000000000000000e+03 5.288698464028129820e-03
3.036000000000000000e+03 -2.428941759353620000e-02
2.976000000000000000e+03 -3.786664274321083212e-02
2.916000000000000000e+03 2.455687708061304875e-02
2.856000000000000000e+03 -1.201900448995729676e-02
2.796000000000000000e+03 -1.959443425948848017e-02
2.736000000000000000e+03 4.583044055470963940e-02
2.676000000000000000e+03 -3.474452767386537744e-02
2.616000000000000000e+03 -3.731948697168263607e-02
2.556000000000000000e+03 4.810541425285919104e-02
2.496000000000000000e+03 -5.346997278866183478e-02
2.436000000000000000e+03 -1.404579724840004928e-02
2.376000000000000000e+03 -3.622208632805268280e-03
2.316000000000000000e+03 2.080064320580277126e-02
2.256000000000000000e+03 -2.577739192111039301e-02
2.196000000000000000e+03 -3.235646451776119648e-02
2.136000000000000000e+03 1.406327459335443564e-02
2.076000000000000000e+03 -1.151832571031263797e-02
2.016000000000000000e+03 -2.510141684069822077e-02
1.956000000000000000e+03 -1.368615048522769939e-02
1.896000000000000000e+03 8.727321390324505046e-03
1.836000000000000000e+03 -1.386115342575067189e-02
1.776000000000000000e+03 -4.451727400009986013e-03
1.716000000000000000e+03 3.295544677166617475e-02
1.656000000000000000e+03 1.136021616457583150e-02
1.596000000000000000e+03 -8.523757235252560349e-02
1.536000000000000000e+03 1.316192787817271892e-02
1.476000000000000000e+03 -6.844143666785384994e-02
1.416000000000000000e+03 4.995218030762771377e-02
1.356000000000000000e+03 3.342624923789117020e-03
1.296000000000000000e+03 -2.927025684493855806e-02
1.236000000000000000e+03 1.113380824790510815e-03
1.176000000000000000e+03 -3.506616372760618106e-03
1.116000000000000000e+03 8.869597125340078492e-03
1.056000000000000000e+03 -8.758133214541885536e-03
9.960000000000000000e+02 9.610037963284412399e-03
9.360000000000000000e+02 1.497395593287365045e-02
8.760000000000000000e+02 -8.766653411112201866e-02
8.160000000000000000e+02 2.368841296265600249e-02
7.560000000000000000e+02 -3.496135776185838040e-02
6.960000000000000000e+02 4.238399874884635210e-02
6.360000000000000000e+02 -4.627567249553976581e-02
5.760000000000000000e+02 -1.494052650105004432e-02
5.160000000000000000e+02 -2.861071828374406323e-02
4.560000000000000000e+02 -6.028640285330766346e-02
3.960000000000000000e+02 1.103226479881413979e-02
3.360000000000000000e+02 3.734512971277581528e-02
2.760000000000000000e+02 -1.934796303612529300e-02
2.160000000000000000e+02 -1.047168311743007507e-03
1.560000000000000000e+02 -9.752640918122779112e-03
9.600000000000000000e+01 -7.464535582585085649e-03
3.600000000000000000e+01 -7.183006943705549929e-03
