4.317600000000000000e+04 -1.562277467837702716e-02
4.311600000000000000e+04 -1.266352167385775829e-02
4.305600000000000000e+04 -3.070468113583046943e-02
4.299600000000000000e+04 -4.274631334737932775e-02
4.293600000000000000e+04 -4.978847842085087905e-02
4.287600000000000000e+04 -5.183123629467445426e-02
4.281600000000000000e+04 -3.987464673173235497e-02
4.275600000000000000e+04 -3.491876931002479978e-02
4.269600000000000000e+04 -3.096366342651890591e-02
4.263600000000000000e+04 5.990611715787963476e-03
4.257600000000000000e+04 3.394399710032303119e-02
4.251600000000000000e+04 4.089643391580466414e-02
4.245600000000000000e+04 2.284786354357493110e-02
4.239600000000000000e+04 3.379822757506190101e-02
4.233600000000000000e+04 6.074746780632267473e-02
4.227600000000000000e+04 4.469552624868811108e-02
4.221600000000000000e+04 2.364234512879193062e-02
4.215600000000000000e+04 1.758786688878899440e-02
4.209600000000000000e+04 2.553203420211502817e-02
4.203600000000000000e+04 2.247478995832352666e-02
4.197600000000000000e+04 5.416077289737586398e-03
4.191600000000000000e+04 6.355839554998965468e-03
4.185600000000000000e+04 1.929402035420935135e-02
4.179600000000000000e+04 3.023056352776620770e-02
4.173600000000000000e+04 4.216541315963695524e-02
4.167600000000000000e+04 2.509851358900050400e-02
4.161600000000000000e+04 1.002980940302222734e-02
4.155600000000000000e+04 2.959245444799307734e-03
4.149600000000000000e+04 1.088676682047662325e-02
4.143600000000000000e+04 2.781231889457558282e-02
4.137600000000000000e+04 4.073584730576840229e-02
4.131600000000000000e+04 5.065729795387596823e-02
4.125600000000000000e+04 5.657661702207406051e-02
4.119600000000000000e+04 5.049375096223229775e-02
4.113600000000000000e+04 3.740864651535957819e-02
4.107600000000000000e+04 6.332125070002803113e-02
4.101600000000000000e+04 7.623151082407275680e-02
4.095600000000000000e+04 7.513937448948126985e-02
4.089600000000000000e+04 7.604478959001426119e-02
4.083600000000000000e+04 5.294770431555662071e-02
4.077600000000000000e+04 2.984806715994636761e-02
4.071600000000000000e+04 3.174582692099647829e-02
4.065600000000000000e+04 3.464093270304147154e-02
4.059600000000000000e+04 2.253333392218337394e-02
4.053600000000000000e+04 1.042298031006794190e-02
4.047600000000000000e+04 5.309821913215273526e-03
4.041600000000000000e+04 -4.806190901035733987e-03
4.035600000000000000e+04 -1.292510743951424956e-02
4.029600000000000000e+04 -1.404697668385779252e-02
4.023600000000000000e+04 -2.017184728720167186e-02
4.017600000000000000e+04 -4.129976756212272448e-02
4.011600000000000000e+04 -5.443078549524216214e-02
4.005600000000000000e+04 -4.856494872819894226e-02
3.999600000000000000e+04 -5.770230455709679518e-02
3.993600000000000000e+04 -3.684289994089340325e-02
3.987600000000000000e+04 -1.098678148264298216e-02
3.981600000000000000e+04 -8.133995434945973102e-03
3.975600000000000000e+04 -2.128458770584984450e-02
3.969600000000000000e+04 -2.643860383159335470e-02
3.963600000000000000e+04 -1.059608900050079683e-02
3.957600000000000000e+04 -5.757088028076395858e-03
3.951600000000000000e+04 -7.921645369606267195e-03
3.945600000000000000e+04 -1.508980511152913095e-02
3.939600000000000000e+04 -2.426161096809664741e-02
3.933600000000000000e+04 -3.843710628098051529e-02
3.927600000000000000e+04 -6.861633400785649428e-02
3.921600000000000000e+04 -6.079933673936466221e-02
3.915600000000000000e+04 -3.298615666972182225e-02
3.909600000000000000e+04 -2.717683561877493048e-02
3.903600000000000000e+04 -3.637141501349105965e-02
3.897600000000000000e+04 -5.856993589259218425e-02
3.891600000000000000e+04 -5.177243890102545265e-02
3.885600000000000000e+04 -2.697896428799140267e-02
3.879600000000000000e+04 -1.518955190567794489e-02
3.873600000000000000e+04 -8.404241204516438302e-03
3.867600000000000000e+04 4.376928765850607306e-03
3.861600000000000000e+04 1.115391936400556006e-02
3.855600000000000000e+04 -3.073307646445755381e-03
3.849600000000000000e+04 -6.304790091235190630e-03
3.843600000000000000e+04 -1.154056537961878348e-02
3.837600000000000000e+04 -7.780670513056975324e-03
3.831600000000000000e+04 7.974857932822487783e-03
3.825600000000000000e+04 3.172598379296687199e-02
3.819600000000000000e+04 4.947267133047716925e-02
3.813600000000000000e+04 5.321488522895378992e-02
3.807600000000000000e+04 4.995259060342505109e-02
3.801600000000000000e+04 2.968575299018993974e-02
3.795600000000000000e+04 1.641433835720818024e-02
3.789600000000000000e+04 1.913831310866953572e-02
3.783600000000000000e+04 4.085764408591785468e-02
3.777600000000000000e+04 5.457229855619516456e-02
3.771600000000000000e+04 2.928224423703795765e-02
3.765600000000000000e+04 3.198744927703955909e-02
3.759600000000000000e+04 4.368788227566255955e-02
3.753600000000000000e+04 4.838351227317616576e-02
3.747600000000000000e+04 3.107430875479622046e-02
3.741600000000000000e+04 1.176024165761191398e-02
3.735600000000000000e+04 2.144128136478684610e-02
3.729600000000000000e+04 2.117398717018659227e-03
3.723600000000000000e+04 -1.021143499656318454e-02
3.717600000000000000e+04 -5.452480290841776878e-04
3.711600000000000000e+04 1.411593182456272189e-02
3.705600000000000000e+04 3.772077223402447999e-03
3.699600000000000000e+04 -3.657683870460459730e-02
3.693600000000000000e+04 -3.293084237429866334e-02
3.687600000000000000e+04 -3.028995973909331951e-02
3.681600000000000000e+04 -3.465421628334297566e-02
3.675600000000000000e+04 -4.102363702440925408e-02
3.669600000000000000e+04 -2.539824651285016444e-02
3.663600000000000000e+04 -1.778068830390111543e-03
3.657600000000000000e+04 2.283687241560983239e-02
3.651600000000000000e+04 4.444655408678954700e-02
3.645600000000000000e+04 5.405095352034550160e-02
3.639600000000000000e+04 6.165004853028221987e-02
3.633600000000000000e+04 4.324381740661920048e-02
3.627600000000000000e+04 1.983223891147645190e-02
3.621600000000000000e+04 6.415292297788255382e-03
3.615600000000000000e+04 -2.900704271360154962e-02
3.609600000000000000e+04 -6.543478590901941061e-02
3.603600000000000000e+04 -9.486795660450297873e-02
3.597600000000000000e+04 -9.830657361908379244e-02
3.591600000000000000e+04 -1.197506553007769980e-01
3.585600000000000000e+04 -1.202002194977467298e-01
3.579600000000000000e+04 -9.365528358193841996e-02
3.573600000000000000e+04 -8.011586443626583787e-02
3.567600000000000000e+04 -6.758197844919777708e-02
3.561600000000000000e+04 -8.105364152379479492e-02
3.555600000000000000e+04 -6.853086907267424976e-02
3.549600000000000000e+04 -4.901367601542006014e-02
3.543600000000000000e+04 -3.350207677976868581e-02
3.537600000000000000e+04 -2.599608530090335989e-02
3.531600000000000000e+04 -1.349571502123581013e-02
3.525600000000000000e+04 1.599902110956463730e-02
3.519600000000000000e+04 -3.511889357469044626e-03
3.513600000000000000e+04 -2.028458381573727820e-03
3.507600000000000000e+04 1.444930257730447920e-02
3.501600000000000000e+04 1.892138255516329082e-02
3.495600000000000000e+04 2.438777108727663290e-02
3.489600000000000000e+04 7.848458203625341412e-03
3.483600000000000000e+04 1.630343443321180530e-02
3.477600000000000000e+04 3.275269080222642515e-02
3.471600000000000000e+04 3.719621884556545410e-02
3.465600000000000000e+04 3.863401058242743602e-02
3.459600000000000000e+04 3.106605854463850847e-02
3.453600000000000000e+04 1.749235575607599458e-02
3.447600000000000000e+04 -9.087104254831501748e-03
3.441600000000000000e+04 -2.967232746050285641e-02
3.435600000000000000e+04 -1.326331933250912698e-02
3.429600000000000000e+04 -1.860084842519427184e-03
3.423600000000000000e+04 5.537371542231994681e-03
3.417600000000000000e+04 -1.070954149327008054e-03
3.411600000000000000e+04 1.231493461909849430e-02
3.405600000000000000e+04 5.169503487741167191e-02
3.399600000000000000e+04 4.506934416531294119e-02
3.393600000000000000e+04 5.143786051212373422e-02
3.387600000000000000e+04 4.780058246160479030e-02
3.381600000000000000e+04 2.315750905381719349e-02
3.375600000000000000e+04 1.150863981638394762e-02
3.369600000000000000e+04 2.853974800927971955e-03
3.363600000000000000e+04 1.819351454287243541e-02
3.357600000000000000e+04 6.527260078655672260e-03
3.351600000000000000e+04 -1.514478704484645277e-02
3.345600000000000000e+04 -1.582262479496421292e-02
3.339600000000000000e+04 -2.506250631995499134e-03
3.333600000000000000e+04 1.480433848519169260e-02
3.327600000000000000e+04 -7.890853913522732910e-03
3.321600000000000000e+04 -1.659182378989498829e-02
3.315600000000000000e+04 -2.985666169479372911e-04
3.309600000000000000e+04 -8.011077368792030029e-03
3.303600000000000000e+04 9.270649480640713591e-03
3.297600000000000000e+04 1.554661994850903284e-02
3.291600000000000000e+04 6.816840549618063960e-03
3.285600000000000000e+04 1.708131829218473285e-02
3.279600000000000000e+04 -1.765993932076526107e-02
3.273600000000000000e+04 -4.840692429752380121e-02
3.267599999999999636e+04 -3.415962814779049950e-02
3.261600000000000000e+04 -2.691804189817048609e-02
3.255600000000000000e+04 -2.682156078662956133e-03
3.249600000000000364e+04 1.554803927137982100e-02
3.243600000000000000e+04 5.772554592113010585e-03
3.237600000000000000e+04 -8.599175089329946786e-06
3.231600000000000000e+04 2.204589383836719207e-03
3.225600000000000000e+04 8.412132180637854617e-03
3.219600000000000000e+04 1.861404160354140913e-02
3.213600000000000000e+04 3.381033052664861316e-02
3.207600000000000000e+04 6.500101230722066248e-02
3.201600000000000000e+04 5.618610078454366885e-02
3.195600000000000000e+04 4.136561027826246573e-02
3.189600000000000000e+04 4.953955558084999211e-02
3.183600000000000000e+04 2.270795197091501905e-02
3.177600000000000000e+04 -9.129184802077361383e-03
3.171600000000000000e+04 -1.997183851199224591e-02
3.165600000000000000e+04 -2.181999245567567414e-02
3.159600000000000000e+04 -9.673629466306010727e-03
3.153600000000000000e+04 -3.053273189925675979e-02
3.147600000000000000e+04 -5.739728164098778507e-02
3.141600000000000000e+04 -5.126726011167193064e-02
3.135600000000000000e+04 -4.814264826563885435e-02
3.129600000000000000e+04 -2.602342659065470798e-02
3.123600000000000000e+04 7.090424887792323716e-03
3.117600000000000000e+04 1.119892660517507466e-02
3.111600000000000000e+04 3.020994599864934571e-04
3.105600000000000000e+04 -2.600035193609073758e-03
3.099600000000000000e+04 1.492544452958100010e-03
3.093600000000000000e+04 1.057986066916782875e-02
3.087600000000000000e+04 2.266193617197131971e-02
3.081600000000000000e+04 2.873879413346003275e-02
3.075600000000000000e+04 2.781045817209815141e-02
3.069600000000000000e+04 3.876952357131813187e-03
3.063600000000000000e+04 -1.206169879878871143e-02
3.057600000000000000e+04 -6.005470341733598616e-03
3.051600000000000000e+04 1.604566313199029537e-02
3.045600000000000000e+04 3.309172745866817422e-02
3.039600000000000000e+04 9.132748910815280396e-03
3.033600000000000000e+04 1.416875420454744017e-02
3.027600000000000000e+04 4.719977048080181703e-02
3.021600000000000000e+04 2.722582532169326441e-02
3.015600000000000000e+04 2.424694672936311690e-02
3.009600000000000000e+04 6.726316313506686129e-02
3.003600000000000000e+04 6.927450340026553022e-02
2.997600000000000000e+04 6.328099680195009569e-02
2.991600000000000000e+04 7.328267304455948761e-02
2.985600000000000000e+04 8.527956224315857980e-02
2.979600000000000000e+04 9.727169493635301478e-02
2.973600000000000000e+04 9.025910206582921091e-02
2.967600000000000000e+04 7.024181499400583562e-02
2.961600000000000000e+04 3.721986548771383241e-02
2.955600000000000000e+04 1.932857167048496194e-04
2.949600000000000000e+04 1.016210826128371991e-02
2.943600000000000000e+04 1.012636609630135354e-02
2.937600000000000000e+04 -1.891390740001952508e-02
2.931600000000000000e+04 -4.395867846142209601e-02
2.925600000000000000e+04 -8.300791291640052805e-02
2.919600000000000000e+04 -8.806157621347665554e-02
2.913600000000000000e+04 -6.811963340805959888e-02
2.907600000000000000e+04 -9.518204917367256712e-02
2.901600000000000000e+04 -1.182487877949824906e-01
2.895600000000000000e+04 -1.033198131863173330e-01
2.889600000000000000e+04 -9.539508887337433407e-02
2.883600000000000000e+04 -8.747457801928248955e-02
2.877600000000000000e+04 -4.455824341039260617e-02
2.871600000000000000e+04 -3.564604746134136803e-02
2.865600000000000000e+04 -4.873795222465560073e-02
2.859600000000000000e+04 1.166080605798924807e-03
2.853600000000000000e+04 3.406608970362867694e-02
2.847600000000000000e+04 9.621140925446525216e-04
2.841600000000000000e+04 3.854193155348184519e-03
2.835600000000000000e+04 1.874236662297334988e-02
2.829600000000000000e+04 -5.373325426262454130e-03
2.823600000000000000e+04 -7.492842568353808019e-03
2.817600000000000000e+04 6.383855960848450195e-03
2.811600000000000000e+04 2.568112658991594799e-04
2.805600000000000000e+04 -1.587393521185731515e-02
2.799600000000000000e+04 -4.300834170589951100e-02
2.793600000000000000e+04 -6.614636611448077019e-02
2.787600000000000000e+04 -5.428796601336216554e-02
2.781600000000000000e+04 -2.743309865400078706e-02
2.775600000000000000e+04 -6.581720970643800683e-03
2.769600000000000000e+04 8.266210420515562873e-03
2.763600000000000000e+04 1.411073921462957514e-02
2.757600000000000000e+04 1.495190941659529926e-02
2.751600000000000000e+04 1.878976533316745190e-02
2.745600000000000000e+04 1.462435158100561239e-02
2.739600000000000000e+04 1.445571306794590782e-02
2.733600000000000000e+04 9.283895000407937914e-03
2.727600000000000000e+04 -5.891057119697507005e-03
2.721600000000000000e+04 -8.069097506449907087e-03
2.715600000000000000e+04 1.674981991163804196e-02
2.709600000000000000e+04 1.356574148667277768e-02
2.703600000000000000e+04 -1.621286145564226899e-03
2.697600000000000000e+04 1.718878391875477973e-02
2.691600000000000000e+04 3.999599885628413176e-02
2.685600000000000000e+04 6.480040611222648295e-02
2.679600000000000000e+04 4.460205339182721218e-02
2.673600000000000000e+04 5.400988663495809305e-03
2.667600000000000000e+04 2.919726014988555107e-02
2.661600000000000000e+04 6.199091632697673049e-02
2.655600000000000000e+04 4.678200591843051370e-02
2.649600000000000000e+04 5.757057789560349192e-02
2.643600000000000000e+04 7.035668146909301868e-02
2.637600000000000000e+04 3.314036608207970858e-02
2.631600000000000000e+04 2.592168142200534930e-02
2.625600000000000000e+04 5.870067739760997938e-02
2.619600000000000000e+04 5.347740414526924724e-02
2.613600000000000000e+04 -2.748087974396185018e-03
2.607600000000000000e+04 -4.397574838549189735e-02
2.601600000000000000e+04 -5.120552629523444921e-02
2.595600000000000000e+04 -4.143737070171482628e-02
2.589600000000000000e+04 -2.667123039555008290e-02
2.583600000000000000e+04 -3.890705396770499647e-02
2.577600000000000000e+04 -5.214478980906278593e-02
2.571600000000000000e+04 -5.938438611337915063e-02
2.565600000000000000e+04 -6.962579088758502621e-02
2.559600000000000000e+04 -8.286895195124088787e-02
2.553600000000000000e+04 -7.711381694116425933e-02
2.547600000000000000e+04 -4.336033331310318317e-02
2.541600000000000000e+04 -2.160844835361785954e-02
2.535600000000000000e+04 -8.858109174070705194e-03
2.529600000000000000e+04 2.089073727529466851e-02
2.523600000000000000e+04 2.163814421055576531e-02
2.517600000000000000e+04 -6.615834994590841234e-03
2.511600000000000000e+04 -8.871146816090913489e-03
2.505600000000000000e+04 3.087226242223550798e-02
2.499600000000000000e+04 4.461444654316437664e-02
2.493600000000000000e+04 4.355459507678460795e-03
2.487600000000000000e+04 -4.390464458538190229e-02
2.481600000000000000e+04 -5.016581149993726285e-02
2.475600000000000000e+04 1.572013122313364875e-03
2.469600000000000000e+04 3.430888376624352532e-02
2.463600000000000000e+04 4.485503723117290065e-05
2.457600000000000000e+04 -2.522001834040565882e-02
2.451600000000000000e+04 -2.048568153441010509e-02
2.445600000000000000e+04 2.479203940310981125e-04
2.439600000000000000e+04 -1.915751272463239729e-05
2.433600000000000000e+04 -1.428686011058744043e-02
2.427600000000000000e+04 -5.551321610255399719e-04
2.421600000000000000e+04 -8.239183425757801160e-04
2.415600000000000000e+04 -6.093163238801935222e-03
2.409600000000000000e+04 1.563718864326801850e-02
2.403600000000000000e+04 3.336719287472078577e-02
2.397600000000000000e+04 3.309690509468055097e-02
2.391600000000000000e+04 3.682638101963675581e-02
2.385600000000000000e+04 4.655567642384994542e-02
2.379600000000000000e+04 8.428484714386286214e-02
2.373600000000000000e+04 1.100139490663423203e-01
2.367600000000000000e+04 7.874303813423466636e-02
2.361600000000000000e+04 3.447217033772176364e-02
2.355600000000000000e+04 -7.985983002072316594e-04
2.349600000000000000e+04 -1.806921170827990863e-02
2.343600000000000000e+04 -9.339613789052236825e-03
2.337600000000000000e+04 -8.609748412709450349e-03
2.331600000000000000e+04 -7.879559427237836644e-03
2.325600000000000000e+04 -6.148990663859876804e-03
2.319600000000000000e+04 1.458201406876469264e-02
2.313600000000000000e+04 2.231351096634170972e-02
2.307600000000000000e+04 -1.295444376773957629e-02
2.301600000000000000e+04 -2.122179392699763412e-02
2.295600000000000000e+04 -7.488483308407012373e-03
2.289600000000000000e+04 2.245544287688971963e-03
2.283600000000000000e+04 2.098034504069801187e-02
2.277600000000000000e+04 3.171597511845902773e-02
2.271600000000000000e+04 -8.547509329218883067e-03
2.265600000000000000e+04 -5.881005217906931648e-02
2.259600000000000000e+04 -8.007159733915614197e-02
2.253600000000000000e+04 -5.433208875183481723e-02
2.247600000000000000e+04 -3.259147039625531761e-02
2.241600000000000000e+04 -1.684968629706418142e-02
2.235600000000000000e+04 4.893319477559998631e-03
2.229600000000000000e+04 1.063760280339920428e-02
2.223600000000000000e+04 1.738321949869714445e-02
2.217600000000000000e+04 1.113022532354079885e-02
2.211600000000000000e+04 -1.012132402502174955e-02
2.205600000000000000e+04 -3.371372930814686697e-03
2.199600000000000000e+04 3.338013416123430943e-02
2.193600000000000000e+04 4.613325271657231497e-02
2.187600000000000000e+04 3.288803812483820366e-02
2.181600000000000000e+04 1.164454567788197892e-02
2.175600000000000000e+04 1.640283058532077121e-02
2.169600000000000000e+04 3.416294794897112297e-02
2.163600000000000000e+04 2.492495277965645073e-02
2.157600000000000000e+04 -1.311100024395273067e-03
2.151600000000000000e+04 -6.545155677486036438e-03
2.145600000000000000e+04 -7.771595046506263316e-04
2.139600000000000000e+04 1.699294304944487521e-02
2.133600000000000000e+04 2.576520641468960093e-02
2.127600000000000000e+04 3.253968489116232377e-02
2.121600000000000000e+04 5.131643264212470967e-02
2.115600000000000000e+04 5.309550370566284982e-02
2.109600000000000000e+04 5.687695196411368670e-02
2.103600000000000000e+04 7.666083116509980755e-02
2.097600000000000000e+04 7.544719489033013815e-02
2.091600000000000000e+04 4.323609658058558125e-02
2.085600000000000000e+04 4.027589512588747311e-03
2.079600000000000000e+04 1.821726793423295021e-03
2.073600000000000000e+04 2.461856136960705044e-02
2.067600000000000000e+04 3.441814600500947563e-02
2.061600000000000000e+04 4.822053329553455114e-02
2.055600000000000000e+04 4.902577564735111082e-02
2.049600000000000000e+04 1.783392528614058392e-02
2.043600000000000000e+04 -9.354965754027944058e-03
2.037600000000000000e+04 -1.454084564011282055e-02
2.031600000000000000e+04 -2.672366273145598825e-02
2.025600000000000000e+04 -3.190336559418938123e-02
2.019600000000000000e+04 -2.507990300364326686e-02
2.013600000000000000e+04 -1.025322394616523525e-02
2.007600000000000000e+04 5.576722373916709330e-03
2.001600000000000000e+04 7.409986533275514375e-03
1.995600000000000000e+04 -1.753381117850949522e-03
1.989600000000000000e+04 -1.091333046224463033e-02
1.983600000000000000e+04 -3.006981161433941452e-02
1.977600000000000000e+04 -5.122277492318971781e-02
1.971600000000000000e+04 -3.537217098619294120e-02
1.965600000000000000e+04 -2.751795064978068694e-02
1.959600000000000000e+04 -4.666006500156072434e-02
1.953600000000000000e+04 -4.579846539218124235e-02
1.947600000000000000e+04 -2.093310342934273649e-02
1.941600000000000000e+04 -8.063930984462786000e-03
1.935600000000000000e+04 -6.190900199726456776e-03
1.929600000000000000e+04 -1.531396348764246795e-02
1.923600000000000000e+04 -1.843307353283307748e-02
1.917600000000000000e+04 -1.454818330603302456e-02
1.911600000000000000e+04 -1.465924606145563303e-02
1.905600000000000000e+04 2.233784659438242670e-03
1.899600000000000000e+04 1.913095502004580339e-02
1.893600000000000000e+04 3.603231089437031187e-02
1.887600000000000000e+04 6.593789784619730199e-02
1.881600000000000000e+04 6.184776113877887838e-02
1.875600000000000000e+04 5.076194572484382661e-02
1.869600000000000000e+04 6.268049624850391410e-02
1.863600000000000000e+04 7.360345703000348294e-02
1.857600000000000000e+04 7.953087207533826586e-02
1.851600000000000000e+04 1.054627850598990335e-01
1.845600000000000000e+04 1.033992393322478165e-01
1.839600000000000000e+04 9.934027791405242169e-02
1.833600000000000000e+04 8.728594348121987423e-02
1.827600000000000000e+04 7.423627837306412403e-02
1.821600000000000000e+04 6.319132458793319529e-02
1.815600000000000000e+04 5.615112376835895702e-02
1.809600000000000000e+04 3.111571721274231095e-02
1.803600000000000000e+04 1.808514585809462005e-02
1.797600000000000000e+04 1.605945028404676123e-02
1.791600000000000000e+04 -3.961329294725146610e-03
1.785600000000000000e+04 -2.197715302645519841e-02
1.779600000000000000e+04 -4.098798143422754947e-02
1.773600000000000000e+04 -6.799377541392459534e-02
1.767600000000000000e+04 -7.399449624335829867e-02
1.761600000000000000e+04 -5.799010557529982179e-02
1.755600000000000000e+04 -5.698056545224972069e-02
1.749600000000000000e+04 -5.096583830709278118e-02
1.743600000000000000e+04 -4.394588696231949143e-02
1.737600000000000000e+04 -3.792067463655257598e-02
1.731600000000000000e+04 -3.889016495122632477e-02
1.725600000000000000e+04 -4.385432192975713406e-02
1.719600000000000000e+04 -2.981310999984998489e-02
1.713600000000000000e+04 -3.176649400120368227e-02
1.707600000000000000e+04 -3.171443918745353585e-02
1.701600000000000000e+04 -2.565691122799762525e-02
1.695600000000000000e+04 -3.759387621539644897e-02
1.689600000000000000e+04 -4.652530066414328758e-02
1.683600000000000000e+04 -3.745115151559730293e-02
1.677600000000000000e+04 -2.437139614085026551e-02
1.671600000000000000e+04 -1.028600234440091299e-02
1.665600000000000000e+04 4.805061627848772332e-03
1.659600000000000000e+04 4.901827095636690501e-03
1.653600000000000000e+04 1.400432493210246321e-02
1.647600000000000000e+04 3.211258556530083297e-02
1.641600000000000000e+04 5.022663897216261830e-02
1.635600000000000000e+04 5.134651467869844055e-02
1.629600000000000000e+04 6.347224175533483503e-02
1.623600000000000000e+04 4.760384880955825793e-02
1.617600000000000000e+04 3.374136398906557588e-02
1.611600000000000000e+04 3.688481498193141306e-02
1.605600000000000000e+04 4.503422900052100886e-02
1.599600000000000000e+04 5.418963279134914046e-02
1.593600000000000000e+04 5.435105262313300045e-02
1.587600000000000000e+04 4.051851429085218115e-02
1.581600000000000000e+04 2.969204311011708342e-02
1.575600000000000000e+04 1.087166391516802832e-02
1.569600000000000000e+04 -8.942598947214719374e-03
1.563600000000000000e+04 -2.075072161824209616e-02
1.557600000000000000e+04 -3.955268073059414746e-02
1.551600000000000000e+04 -4.334845340326864971e-02
1.545600000000000000e+04 -4.513801725806843024e-02
1.539600000000000000e+04 -3.392135041303845355e-02
1.533600000000000000e+04 -3.569843148943618871e-02
1.527600000000000000e+04 -5.846923960871208692e-02
1.521600000000000000e+04 -7.423375440066593001e-02
1.515600000000000000e+04 -5.799195600138773443e-02
1.509600000000000000e+04 -3.474382506192341680e-02
1.503600000000000000e+04 -1.948934274423663737e-02
1.497600000000000000e+04 7.715092715443461202e-04
1.491600000000000000e+04 1.103874879299837630e-02
1.485600000000000000e+04 -2.068760690144699765e-02
1.479600000000000000e+04 -3.240754105263476958e-02
1.473600000000000000e+04 -3.412103742357430747e-02
1.467600000000000000e+04 -4.682808030793239595e-02
1.461600000000000000e+04 -6.652865453088452341e-02
1.455600000000000000e+04 -7.722274544448737288e-02
1.449600000000000000e+04 -6.591033893801068189e-02
1.443600000000000000e+04 -5.159142143656936241e-02
1.437600000000000000e+04 -5.826597990380832925e-02
1.431600000000000000e+04 -4.993400183684570948e-02
1.425600000000000000e+04 -4.559547528515395243e-02
1.419600000000000000e+04 -5.025038883468369022e-02
1.413600000000000000e+04 -4.589873161967261694e-02
1.407600000000000000e+04 -5.354049332436261466e-02
1.401600000000000000e+04 -6.217566417853959138e-02
1.395600000000000000e+04 -7.080423496427101782e-02
1.389600000000000000e+04 -5.942619701818330213e-02
1.383600000000000000e+04 -5.204154223247314803e-02
1.377600000000000000e+04 -6.165026305097853765e-02
1.371600000000000000e+04 -4.425235248163517099e-02
1.365600000000000000e+04 -2.984780408769438509e-02
1.359600000000000000e+04 -3.043661199535563355e-02
1.353600000000000000e+04 -3.018770894414046779e-03
1.347600000000000000e+04 2.240572396567586111e-02
1.341600000000000000e+04 2.683687676017143531e-02
1.335600000000000000e+04 2.127469110473612091e-02
1.329600000000000000e+04 2.771917004793067463e-02
1.323600000000000000e+04 4.017031606508680852e-02
1.317600000000000000e+04 7.562813105687382631e-02
1.311600000000000000e+04 1.090926163578842534e-01
1.305600000000000000e+04 1.175637727274079225e-01
1.299600000000000000e+04 1.150416003511054441e-01
1.293600000000000000e+04 1.135260988312438712e-01
1.287600000000000000e+04 1.140172672048720415e-01
1.281600000000000000e+04 9.551510392248019343e-02
1.275600000000000000e+04 9.101960685711674159e-02
1.269600000000000000e+04 1.075307733080990147e-01
1.263600000000000000e+04 1.080485999818847631e-01
1.257600000000000000e+04 9.357308301332523115e-02
1.251600000000000000e+04 9.510421795130241662e-02
1.245600000000000000e+04 7.864199976211239118e-02
1.239600000000000000e+04 6.918642282380460529e-02
1.233600000000000000e+04 5.373748093461472308e-02
1.227600000000000000e+04 5.229516730560135329e-02
1.221600000000000000e+04 5.985947455974383047e-02
1.215600000000000000e+04 2.943039473484532209e-02
1.209600000000000000e+04 2.100791928296530386e-02
1.203600000000000000e+04 1.592039066963479854e-03
1.197600000000000000e+04 -1.181725564492808189e-02
1.191600000000000000e+04 -2.421997516285046004e-02
1.185600000000000000e+04 -4.561613039004441816e-02
1.179600000000000000e+04 -6.800573282362165628e-02
1.173600000000000000e+04 -7.038879454557900317e-02
1.167600000000000000e+04 -9.276532822786975885e-02
1.161600000000000000e+04 -9.213534713489934802e-02
1.155600000000000000e+04 -8.949886512618832057e-02
1.149600000000000000e+04 -9.085589663482096512e-02
1.143600000000000000e+04 -7.220645671077363659e-02
1.137600000000000000e+04 -7.455056097023771144e-02
1.131600000000000000e+04 -7.088822563309804536e-02
1.125600000000000000e+04 -7.321946750926144887e-02
1.119600000000000000e+04 -5.654430399408738595e-02
1.113600000000000000e+04 -6.386275307795585832e-02
1.107600000000000000e+04 -5.217483333944983315e-02
1.101600000000000000e+04 -7.048056394705781713e-02
1.095600000000000000e+04 -4.677996466034528567e-02
1.089600000000000000e+04 -5.807305582857225090e-02
1.083600000000000000e+04 -8.135985838634951506e-02
1.077600000000000000e+04 -8.464039386581134750e-02
1.071600000000000000e+04 -3.291468437873845687e-02
1.065600000000000000e+04 -2.918275262254610425e-02
1.059600000000000000e+04 -4.644462189389741980e-02
1.053600000000000000e+04 -3.970031606786506018e-02
1.047600000000000000e+04 -2.094985960684425663e-02
1.041600000000000000e+04 -4.819327755831182003e-02
1.035600000000000000e+04 -7.443059555680520134e-02
1.029600000000000000e+04 -4.866183981812355341e-02
1.023600000000000000e+04 -3.388703714426810620e-02
1.017600000000000000e+04 -1.710621491474739742e-02
1.011600000000000000e+04 -1.131940109826246044e-02
1.005600000000000000e+04 -4.852662423581932671e-02
9.996000000000000000e+03 -7.672791345521545736e-02
9.936000000000000000e+03 -1.299232984574700822e-01
9.876000000000000000e+03 -1.261128095238746027e-01
9.816000000000000000e+03 -1.282964775118671241e-01
9.756000000000000000e+03 -9.947433385423209984e-02
9.696000000000000000e+03 -1.346464105563427438e-01
9.636000000000000000e+03 -1.078127402024620096e-01
9.576000000000000000e+03 -1.169733559381711530e-01
9.516000000000000000e+03 -8.912829148903256282e-02
9.456000000000000000e+03 -9.727758114331663819e-02
9.396000000000000000e+03 -7.442125976103852736e-02
9.336000000000000000e+03 -6.255936276556894882e-02
9.276000000000000000e+03 -3.169192614495841553e-02
9.216000000000000000e+03 -1.818986453145043924e-03
9.156000000000000000e+03 3.505941919593169587e-02
9.096000000000000000e+03 2.194325313303124858e-02
9.036000000000000000e+03 -3.167522876537987031e-03
8.976000000000000000e+03 6.372705237936315825e-02
8.916000000000000000e+03 5.762693955875874963e-02
8.856000000000000000e+03 1.095320987669765600e-01
8.796000000000000000e+03 8.244248955725197447e-02
8.736000000000000000e+03 1.063580709333109553e-01
8.676000000000000000e+03 1.102788013522513211e-01
8.616000000000000000e+03 1.162046387280497584e-01
8.556000000000000000e+03 1.381355404264468234e-01
8.496000000000000000e+03 7.607146327609370928e-02
8.436000000000000000e+03 1.180123635685959016e-01
8.376000000000000000e+03 6.495819705378380604e-02
8.316000000000000000e+03 7.990891894860396860e-02
8.256000000000000000e+03 5.886448393812315771e-02
8.196000000000000000e+03 2.824846175826678518e-03
8.136000000000000000e+03 6.378995929026132217e-02
8.076000000000000000e+03 9.759776386090379674e-03
8.016000000000000000e+03 1.173425003707961878e-02
7.956000000000000000e+03 2.471333230096206535e-02
7.896000000000000000e+03 -5.130302527868479956e-02
7.836000000000000000e+03 -2.531487167743762257e-02
7.776000000000000000e+03 -6.732225638643285492e-02
7.716000000000000000e+03 -5.632522940049966564e-02
7.656000000000000000e+03 -3.238412282371427864e-04
7.596000000000000000e+03 -6.931814288145687897e-02
7.536000000000000000e+03 -2.330818586960958783e-02
7.476000000000000000e+03 -1.429402220583142480e-02
7.416000000000000000e+03 -5.027570440051931655e-02
7.356000000000000000e+03 3.674671454518829705e-02
7.296000000000000000e+03 6.877318113765795715e-02
7.236000000000000000e+03 1.680364139701850945e-02
7.176000000000000000e+03 1.838040860093315132e-03
7.116000000000000000e+03 -1.712367542313586455e-02
7.056000000000000000e+03 -4.608156287486053770e-02
6.996000000000000000e+03 -1.703567740059952484e-02
6.936000000000000000e+03 -1.298607536591589451e-02
6.876000000000000000e+03 1.106718638220627327e-02
6.816000000000000000e+03 7.012405053592374315e-02
6.756000000000000000e+03 6.118445933043403784e-02
6.696000000000000000e+03 -4.675164546461019199e-02
6.636000000000000000e+03 3.431567746065411484e-02
6.576000000000000000e+03 6.938636897757533006e-02
6.516000000000000000e+03 -8.653963050528545864e-02
6.456000000000000000e+03 -1.104623810142584261e-01
6.396000000000000000e+03 1.661805697494855849e-02
6.336000000000000000e+03 -5.129837744698306778e-02
6.276000000000000000e+03 -1.352117456253836281e-01
6.216000000000000000e+03 -4.212210933837923221e-02
6.156000000000000000e+03 -1.202953078427526634e-02
6.096000000000000000e+03 -1.639340725960209966e-01
6.036000000000000000e+03 -1.798357978159401682e-01
5.976000000000000000e+03 -8.873476990629569627e-02
5.916000000000000000e+03 -1.026310527440728038e-01
5.856000000000000000e+03 -2.435247106086535496e-01
5.796000000000000000e+03 -2.954158081884088460e-01
5.736000000000000000e+03 -2.283044105688531999e-01
5.676000000000000000e+03 -2.661905832346747047e-01
5.616000000000000000e+03 -3.590743920594832161e-01
5.556000000000000000e+03 -3.449559033069817815e-01
5.496000000000000000e+03 -2.438351836244692095e-01
5.436000000000000000e+03 -1.997123000382998725e-01
5.376000000000000000e+03 -2.435873199547131662e-01
5.316000000000000000e+03 -1.944603111433025333e-01
5.256000000000000000e+03 -3.331341745251847897e-03
5.196000000000000000e+03 1.067995197317941347e-01
5.136000000000000000e+03 2.089322044294021907e-01
5.076000000000000000e+03 2.670666431249628658e-01
5.016000000000000000e+03 3.852027662587715895e-01
4.956000000000000000e+03 5.703405039148492506e-01
4.896000000000000000e+03 7.134797858407182503e-01
4.836000000000000000e+03 7.736205414485084475e-01
4.776000000000000000e+03 7.427626998169216677e-01
4.716000000000000000e+03 5.399061896987404907e-01
4.656000000000000000e+03 3.800509395223343745e-01
4.596000000000000000e+03 2.581968773984044674e-01
4.536000000000000000e+03 9.134393112617544830e-02
4.476000000000000000e+03 4.249202819573838497e-02
4.416000000000000000e+03 4.564109578950592550e-02
4.356000000000000000e+03 -4.208939203635964077e-03
4.296000000000000000e+03 1.594184980785939842e-02
4.236000000000000000e+03 -3.906610872036253568e-03
4.176000000000000000e+03 -2.175439522488886723e-02
4.116000000000000000e+03 7.398422483674949035e-03
4.055999999999999545e+03 -8.448232279079093132e-03
3.996000000000000000e+03 8.705565680429572240e-03
3.936000000000000000e+03 -1.114025871083867969e-02
3.876000000000000000e+03 1.801421921572909923e-02
3.816000000000000000e+03 -2.983107612180901924e-02
3.756000000000000000e+03 1.332377944254403701e-02
3.696000000000000000e+03 -3.152129017871629912e-02
3.636000000000000000e+03 2.633638699080620427e-03
3.576000000000000000e+03 1.178848952440603171e-02
3.516000000000000000e+03 -4.056814488649251871e-03
3.456000000000000000e+03 2.097649653478583787e-03
3.396000000000000000e+03 -2.174819527135696262e-02
3.336000000000000000e+03 4.340557329305738676e-02
3.276000000000000000e+03 -9.441122294447268359e-03
3.216000000000000000e+03 -1.628835988776700106e-02
3.156000000000000000e+03 1.486378246772801504e-02
3.096000000000000000e+03 -3.298477346743311500e-02
3.036000000000000000e+03 1.016589388109423453e-02
2.976000000000000000e+03 -3.368429409238160588e-02
2.916000000000000000e+03 1.746458382785931462e-02
2.856000000000000000e+03 -2.138755130999925314e-02
2.796000000000000000e+03 6.759221378160873428e-03
2.736000000000000000e+03 1.890482261296710931e-02
2.676000000000000000e+03 -2.095082703544903779e-02
2.616000000000000000e+03 5.192192852518928703e-03
2.556000000000000000e+03 -6.666197440608812030e-03
2.496000000000000000e+03 8.473922223856789060e-03
2.436000000000000000e+03 6.612471856897172984e-03
2.376000000000000000e+03 -1.625062865514337318e-02
2.316000000000000000e+03 -2.311545955126348417e-02
2.256000000000000000e+03 -1.498210117551934673e-02
2.196000000000000000e+03 -1.285063398881902685e-02
2.136000000000000000e+03 4.827886144994408824e-02
2.076000000000000000e+03 -9.959369552052521612e-02
2.016000000000000000e+03 1.005316143537129392e-01
1.956000000000000000e+03 -5.834528976447472814e-02
1.896000000000000000e+03 2.977551121512078680e-02
1.836000000000000000e+03 -5.310606369857850950e-02
1.776000000000000000e+03 4.009904438134981319e-03
1.716000000000000000e+03 4.412333450909500243e-02
1.656000000000000000e+03 -1.376585466186952544e-02
1.596000000000000000e+03 -9.465774429918383248e-02
1.536000000000000000e+03 1.094475843283362337e-01
1.476000000000000000e+03 3.055004991711030016e-02
1.416000000000000000e+03 -6.935042887835152214e-02
1.356000000000000000e+03 5.774606657450931380e-02
1.296000000000000000e+03 5.839454895067319740e-03
1.236000000000000000e+03 -7.207034532348188804e-02
1.176000000000000000e+03 -3.098341548957250779e-02
1.116000000000000000e+03 3.010016298321716022e-02
1.056000000000000000e+03 -3.281969131148798624e-02
9.960000000000000000e+02 2.925694022269453853e-02
9.360000000000000000e+02 3.932997620267997263e-02
8.760000000000000000e+02 -7.960066473424376454e-02
8.160000000000000000e+02 -2.453506392339477316e-02
7.560000000000000000e+02 7.052669733548100339e-02
6.960000000000000000e+02 -3.941546221903990954e-02
6.360000000000000000e+02 -8.361623801647510845e-03
5.760000000000000000e+02 3.568813142192084342e-02
5.160000000000000000e+02 -1.142662776501310873e-01
4.560000000000000000e+02 1.177506793919746997e-02
3.960000000000000000e+02 4.681208722286100965e-02
3.360000000000000000e+02 2.484469930732302601e-02
2.760000000000000000e+02 -4.127176618567318656e-03
2.160000000000000000e+02 -1.910362127455300651e-02
1.560000000000000000e+02 -1.084715288016013801e-03
9.600000000000000000e+01 -4.070539183885557577e-03
3.600000000000000000e+01 -4.061173380250693299e-03
